57	20	5
91	36	18
98	46	55
73	10	84
99	26	70
6	30	41
29	26	97
58	10	44
92	4	87
4	10	103
44	30	8
35	12	87
5	4	68
77	10	89
32	30	52
47	20	48
54	10	43
85	12	4
9	0	87
42	10	61
76	6	64
33	0	17
54	42	103
4	8	86
35	8	91
58	46	46
36	10	79
48	4	39
57	6	52
56	0	65
21	42	9
24	8	27
70	10	19
69	8	37
77	2	101
95	30	36
51	30	18
36	22	97
57	10	33
21	4	3
9	10	57
13	8	97
64	30	87
4	42	61
42	40	73
66	22	13
25	46	61
33	42	20
13	8	65
101	46	43
2	10	58
101	16	1
95	2	59
37	26	70
64	36	36
30	22	70
28	0	2
103	42	66
54	40	85
65	6	63
89	26	51
1	24	84
101	8	35
99	22	101
66	46	44
61	28	103
97	12	19
56	46	43
95	8	5
84	4	100
2	42	89
58	10	82
81	30	26
4	4	55
2	12	68
2	42	70
95	10	51
20	30	28
3	40	82
95	26	20
36	10	31
59	2	29
86	42	95
92	46	47
37	2	51
102	30	87
49	4	76
50	10	7
49	8	27
19	30	78
33	46	43
45	12	87
103	30	78
79	6	70
26	46	59
48	8	89
40	22	53
94	8	79
43	4	67
44	2	95
36	12	33
68	42	22
84	22	10
15	16	72
85	30	19
28	30	98
20	22	51
64	0	0
13	24	50
21	10	85
39	46	20
65	10	75
67	30	26
77	26	46
71	46	25
59	8	16
91	36	0
80	2	96
103	42	99
54	4	66
103	16	31
87	36	38
69	42	35
34	8	25
51	10	2
75	8	70
20	34	2
52	6	49
55	6	71
90	46	94
86	20	28
70	32	37
45	42	51
72	0	7
61	10	51
77	24	2
3	6	93
16	12	37
91	12	41
68	34	35
102	26	74
81	46	3
63	16	88
3	10	102
11	8	103
103	2	32
86	20	48
12	46	1
101	46	40
44	26	92
98	46	85
38	12	24
79	6	80
89	12	78
45	8	3
12	2	10
10	40	39
8	42	35
46	8	14
51	12	12
77	10	22
52	42	76
97	46	44
0	10	8
70	22	29
32	2	13
46	10	10
32	16	0
66	30	79
47	0	27
17	30	88
79	32	98
98	48	91
42	32	48
11	30	78
58	42	35
50	10	37
29	8	15
89	26	63
97	30	76
90	36	68
25	46	5
67	38	6
47	26	42
77	42	26
46	10	7
20	30	48
91	16	31
36	0	87
61	26	45
8	12	26
55	30	87
91	10	96
47	8	89
74	4	54
46	4	18
43	10	20
66	40	55
49	10	33
73	38	5
61	10	16
58	6	97
59	22	85
49	42	23
45	0	58
36	34	102
55	42	30
31	16	72
8	4	66
51	42	98
45	16	1
11	34	38
14	34	20
18	2	31
72	4	19
98	22	74
103	16	1
50	8	49
37	42	103
2	8	38
91	36	76
72	34	50
22	2	47
37	26	53
17	10	6
103	2	101
33	42	21
69	16	39
12	2	74
24	42	80
73	38	40
72	46	47
91	10	83
38	8	61
51	40	73
63	10	40
18	4	27
82	8	18
39	12	4
51	10	50
31	12	38
9	46	49
23	12	88
0	24	25
14	42	78
39	10	91
27	2	57
60	34	94
29	46	63
42	22	13
0	36	41
27	12	2
49	16	90
80	24	51
98	22	11
23	2	39
90	36	0
55	46	45
25	46	40
7	24	6
12	30	0
21	10	53
12	2	54
51	34	86
59	16	19
13	20	20
80	32	7
75	2	55
72	24	95
5	2	59
32	2	97
59	42	96
50	26	53
44	8	40
34	40	62
20	30	23
87	26	46
70	2	75
81	10	98
9	10	30
72	2	32
95	30	98
35	34	15
71	30	93
16	0	91
21	42	12
74	46	94
102	8	78
12	36	22
63	6	98
81	32	69
57	8	38
77	42	12
48	10	20
95	24	90
90	46	67
60	24	50
27	42	75
101	34	30
7	46	57
16	10	57
72	24	59
65	10	22
9	34	39
8	28	78
5	30	93
80	4	102
58	30	2
74	38	20
2	12	50
72	30	48
1	16	77
1	16	13
55	4	53
10	46	55
30	46	74
29	42	73
21	42	58
59	10	99
2	42	64
12	0	100
11	34	24
6	8	102
12	26	39
50	20	94
55	46	77
79	26	13
15	10	37
95	22	47
2	36	17
62	12	76
76	2	31
39	20	88
91	16	43
76	4	49
41	48	11
0	24	3
35	26	5
5	10	16
25	22	42
78	46	77
28	34	7
93	0	19
6	32	93
91	16	44
70	20	83
45	10	55
40	26	97
49	4	30
46	46	101
49	10	18
20	46	55
51	46	49
35	2	97
52	6	50
52	20	88
91	42	58
5	0	52
28	36	37
75	38	67
84	12	17
96	22	31
23	2	85
30	22	6
3	2	32
33	30	0
77	10	75
30	26	34
22	46	13
96	2	53
83	10	101
96	38	82
60	16	61
19	42	56
2	36	21
45	0	12
88	0	50
90	16	29
43	2	95
57	12	68
21	30	52
55	22	59
99	48	69
12	26	86
64	22	15
96	22	29
52	10	91
11	12	35
69	32	80
101	30	71
70	46	77
24	8	31
18	32	84
37	46	67
49	24	21
41	0	33
103	16	15
57	16	23
80	10	77
95	26	13
72	0	93
60	48	25
34	10	53
63	10	59
65	12	19
103	26	5
70	38	44
88	12	28
3	26	62
35	0	26
53	2	85
86	10	3
2	12	14
24	20	44
67	22	39
31	8	44
9	10	46
42	0	21
49	42	96
103	12	65
13	46	43
16	0	17
28	16	63
61	4	46
16	4	10
102	30	21
22	2	53
66	46	40
32	0	7
16	10	68
87	42	8
80	42	30
12	0	35
9	46	95
11	16	1
81	30	58
49	16	34
88	12	23
26	10	82
55	38	5
27	6	52
49	26	97
35	46	95
94	38	6
19	28	50
82	22	86
20	46	6
80	10	11
53	2	81
97	24	27
90	10	75
27	46	51
95	26	101
12	12	7
40	26	13
98	46	96
39	6	50
3	42	99
66	26	85
102	8	22
86	34	66
14	42	39
53	38	62
66	46	61
82	26	101
29	8	31
32	42	99
69	48	9
73	24	36
11	40	40
97	30	80
77	42	74
70	22	49
2	20	94
82	6	78
38	30	7
7	46	94
0	8	59
67	20	30
48	36	18
3	6	12
2	20	71
23	6	50
56	12	26
74	34	23
25	4	19
97	42	37
92	34	14
18	10	66
62	30	41
50	8	24
10	42	21
27	42	80
84	8	77
47	12	4
72	12	35
17	36	79
81	22	49
63	10	57
90	8	21
94	16	91
18	6	89
33	34	102
79	6	64
72	34	27
65	48	34
0	12	50
67	10	9
67	8	59
56	42	25
10	26	81
77	26	95
44	6	28
35	34	57
75	2	73
14	2	46
5	24	21
31	46	77
84	10	80
44	6	22
26	30	14
37	30	27
73	22	95
39	34	9
35	22	42
69	12	7
21	42	99
87	30	48
93	46	5
5	46	54
6	46	97
88	6	79
101	46	5
37	46	62
1	42	70
35	10	64
3	8	11
76	30	69
59	0	52
32	12	90
23	22	31
22	10	98
16	22	32
70	38	40
48	10	103
86	22	31
95	32	65
11	22	42
78	4	4
1	6	4
25	2	92
10	30	27
15	42	53
9	24	102
86	12	52
3	32	30
1	6	80
80	2	39
26	42	20
93	12	58
83	34	36
23	42	95
77	42	9
67	30	58
24	42	48
1	24	35
10	20	74
49	42	39
66	10	27
69	42	101
30	26	45
4	24	10
57	10	10
17	46	75
80	46	63
81	10	91
102	32	26
8	46	43
34	34	15
78	36	16
75	46	9
69	6	19
26	46	46
50	6	85
47	20	28
52	30	103
41	26	59
43	48	49
96	6	76
37	30	68
37	34	83
31	8	67
26	36	28
82	10	9
66	24	64
15	16	92
6	30	90
10	10	18
65	10	89
88	30	72
26	30	0
95	30	12
90	8	103
67	4	46
36	16	96
29	16	90
40	10	66
61	12	79
33	24	6
54	34	102
33	42	103
49	48	89
96	22	95
101	38	63
16	48	33
33	6	3
2	10	54
96	0	50
28	24	51
101	0	7
98	0	93
61	4	0
87	24	43
25	0	8
5	34	41
90	10	70
68	10	42
76	2	67
11	22	54
10	16	83
1	42	96
13	10	6
90	48	25
69	46	57
56	30	0
35	2	13
12	36	48
11	12	90
33	34	70
31	8	61
28	22	46
97	8	77
15	16	3
14	20	18
60	42	69
97	10	47
96	22	46
27	10	69
20	4	87
74	32	88
10	20	51
13	2	60
23	42	43
12	8	16
46	8	24
32	42	16
97	34	15
48	10	65
11	46	39
53	22	15
51	10	68
89	22	62
49	16	35
83	10	19
54	10	94
51	2	74
15	8	62
12	42	11
5	4	15
37	32	48
16	24	70
31	2	15
35	4	60
38	8	5
50	8	59
92	24	18
103	26	82
57	20	82
70	0	0
90	10	22
93	12	16
15	8	95
62	2	1
9	34	4
63	26	75
44	4	24
103	0	33
71	32	65
80	12	23
16	34	52
51	40	96
100	6	36
40	46	42
49	48	43
67	16	32
19	20	3
49	16	103
26	42	103
53	10	98
9	0	35
74	0	91
30	0	23
40	26	3
80	0	50
9	22	34
88	22	95
76	4	30
55	10	98
38	12	50
65	30	102
59	4	14
82	4	38
77	10	86
93	26	96
44	26	45
21	36	50
14	34	35
81	0	14
26	8	8
11	26	95
53	2	55
13	40	62
53	42	44
39	22	49
36	42	45
16	0	19
34	46	85
97	30	83
26	12	56
77	34	30
74	16	39
62	42	89
2	34	98
64	4	83
18	6	28
95	30	33
74	26	70
67	22	85
4	4	28
94	10	74
43	0	22
64	10	34
102	6	82
0	30	36
29	8	57
81	40	54
22	22	29
65	12	17
33	36	48
78	32	8
83	4	64
43	48	68
100	6	16
4	10	13
14	2	1
68	20	94
4	4	73
9	48	33
86	16	7
27	48	43
102	32	8
62	22	39
78	6	67
23	4	55
73	26	99
62	12	71
31	2	57
48	10	34
62	16	25
33	48	9
69	42	34
26	48	33
47	6	68
51	46	5
4	6	46
36	0	41
4	6	43
51	0	19
11	40	94
33	46	5
20	48	41
60	24	2
38	10	58
60	4	65
80	0	68
96	30	41
34	22	51
97	8	35
35	10	85
25	0	69
22	2	89
25	16	57
69	10	79
38	34	45
18	10	74
24	42	75
59	42	64
98	46	81
67	6	64
97	12	87
46	42	48
18	32	65
30	30	16
10	6	100
47	10	103
46	8	95
73	30	90
34	48	17
18	6	88
58	10	67
76	26	13
21	12	84
92	4	19
34	48	21
47	42	76
23	22	15
69	34	78
4	10	35
8	6	97
79	4	57
25	48	90
41	48	25
55	32	56
7	14	4
69	30	24
45	22	42
91	30	80
90	10	55
66	6	100
82	30	8
44	8	62
71	16	17
90	46	44
21	6	63
78	26	10
89	22	57
80	10	65
61	8	40
5	2	95
72	46	39
63	30	27
22	30	84
59	38	6
96	46	60
50	20	76
69	8	58
39	20	8
29	42	78
14	34	11
6	0	0
31	42	53
30	32	72
92	0	69
97	4	60
40	38	6
74	46	95
0	34	65
46	42	102
75	30	84
99	34	81
62	12	50
33	10	82
13	26	57
40	32	84
21	12	90
10	42	91
51	46	40
8	36	28
12	6	97
3	10	73
1	20	67
84	36	50
98	26	61
70	8	89
18	10	99
82	8	76
86	22	49
26	24	89
20	46	85
71	10	37
55	6	18
89	0	27
12	10	18
83	4	96
23	42	82
62	26	11
46	16	90
83	10	21
74	26	75
44	8	71
45	8	32
68	34	65
75	38	59
10	42	90
1	10	8
27	20	82
19	20	98
90	10	102
14	8	38
55	2	81
39	16	74
69	36	23
96	0	0
15	16	45
56	30	38
103	0	93
74	4	36
85	16	99
53	8	22
51	48	69
37	42	25
64	2	6
29	32	100
52	42	5
41	26	95
58	10	61
81	10	13
0	10	99
39	22	1
91	36	14
32	42	93
88	2	6
102	6	18
67	38	75
38	30	33
82	4	27
34	26	5
2	42	86
27	8	38
27	42	86
51	40	6
34	26	59
11	34	68
85	10	77
14	42	28
35	8	11
64	6	82
2	6	39
12	46	29
18	6	6
87	8	45
48	46	25
11	46	89
75	12	64
75	42	43
67	26	20
16	46	94
1	20	79
73	10	65
0	42	85
22	26	10
6	16	33
14	20	44
33	34	89
17	42	33
98	48	60
72	6	10
58	48	33
18	4	29
52	20	78
72	36	79
43	22	75
55	26	9
73	26	10
17	48	32
89	38	61
21	36	68
73	0	0
77	42	56
25	46	70
36	16	85
75	2	6
95	10	74
82	4	14
76	0	52
100	10	75
50	20	44
49	10	37
95	8	62
29	42	96
84	16	1
69	10	82
24	16	25
71	12	18
3	4	19
102	20	83
21	10	80
24	10	93
95	22	86
86	10	98
99	30	24
40	10	9
18	12	38
62	40	3
31	12	24
69	26	81
97	34	68
0	30	16
86	32	33
91	48	19
87	46	40
16	46	62
72	0	36
30	22	39
13	12	19
65	32	18
100	46	47
49	10	26
35	12	65
98	26	44
49	26	13
75	10	103
13	12	17
48	4	47
59	26	13
12	12	69
31	40	101
73	12	80
17	6	56
94	6	78
98	30	78
16	8	66
43	46	42
93	36	22
70	12	64
68	10	7
85	8	64
35	8	32
97	0	7
37	6	91
89	24	8
27	6	83
39	42	62
33	46	59
35	34	2
103	26	62
100	30	50
22	2	86
79	24	11
77	42	8
100	42	26
86	22	57
82	26	22
69	48	74
10	2	54
102	16	63
20	4	13
24	30	16
34	26	95
102	42	43
74	38	34
37	32	78
63	16	83
22	22	31
37	42	45
55	32	16
75	46	99
73	8	102
13	22	10
9	40	92
95	26	45
103	46	96
13	42	42
43	0	80
42	32	80
52	20	22
57	30	36
82	16	32
93	46	62
15	8	2
81	30	93
45	26	5
7	30	30
87	42	58
43	24	103
66	30	76
90	46	39
11	0	8
51	24	64
60	40	46
36	42	20
45	40	82
40	6	88
91	8	20
47	42	95
59	8	40
74	0	103
89	46	97
57	26	77
24	6	53
24	8	62
52	42	79
68	24	32
30	6	102
18	30	33
45	10	83
6	32	26
4	10	3
65	24	61
8	24	70
70	0	38
40	4	68
72	34	0
17	6	69
45	10	70
96	30	17
28	24	42
38	8	44
7	22	60
79	30	12
91	8	32
32	32	30
50	42	78
94	30	8
14	42	64
19	20	35
4	42	44
21	10	64
32	0	69
17	10	23
97	34	24
29	10	33
103	10	89
90	10	6
61	26	32
43	2	5
69	10	40
74	0	41
51	0	90
31	12	14
65	42	51
43	40	3
78	10	20
64	24	51
102	10	100
76	12	79
12	46	62
90	10	64
16	48	69
0	36	84
8	36	52
62	10	56
34	48	101
10	42	92
5	46	42
101	10	85
75	12	102
71	42	83
96	10	100
65	10	88
8	42	45
61	32	91
47	0	14
47	20	102
47	42	5
83	10	87
53	16	7
87	42	74
2	42	47
5	26	77
68	8	95
1	42	28
98	32	71
77	32	71
3	30	4
88	46	101
87	24	59
18	4	0
81	6	18
1	16	45
100	30	102
21	12	41
37	46	82
63	10	18
62	30	69
54	30	0
31	16	32
60	42	74
77	26	61
37	46	44
87	36	0
8	30	2
73	34	7
65	10	64
64	34	33
56	2	10
87	12	90
19	6	10
92	10	55
11	2	97
20	48	19
19	6	12
31	2	46
32	16	15
11	40	5
12	32	88
45	10	102
0	4	76
9	38	3
92	26	5
34	34	68
78	10	34
100	10	81
66	24	22
92	4	41
62	2	95
5	8	18
72	4	17
83	46	32
73	6	76
34	24	71
7	8	93
71	16	100
58	12	56
85	42	71
89	12	64
24	10	33
15	42	22
35	10	102
97	42	51
16	0	41
35	0	69
7	34	22
16	6	100
76	32	87
37	12	7
91	2	34
82	20	30
32	22	10
0	12	14
79	36	91
21	12	17
94	16	19
47	2	6
6	46	60
84	46	61
83	6	38
39	10	103
15	10	56
17	24	61
61	28	72
54	10	62
37	12	69
46	30	36
102	0	2
60	34	40
66	12	36
70	32	12
33	34	64
88	30	87
22	4	83
24	8	2
92	32	30
96	2	81
100	10	55
25	46	89
30	0	22
68	46	51
6	0	68
39	10	45
50	46	66
83	34	93
52	6	62
83	6	49
87	36	27
103	12	90
5	8	44
29	8	59
77	10	47
6	46	77
31	42	96
62	42	6
89	22	49
75	6	71
64	12	80
87	42	56
96	22	49
38	2	57
100	30	22
39	42	67
19	30	83
10	20	16
71	20	30
35	8	98
68	34	20
30	30	93
20	10	83
24	36	91
33	30	27
99	0	90
66	4	63
87	24	44
50	10	58
99	4	63
67	24	19
21	48	20
89	30	35
75	34	33
24	46	63
57	2	1
82	24	17
72	42	74
93	2	10
53	22	46
38	34	103
91	16	49
71	6	96
88	46	3
93	42	45
71	30	56
73	8	96
6	30	19
19	46	29
86	10	90
34	12	103
1	38	81
24	46	66
14	46	99
38	36	65
60	34	79
83	0	18
32	26	40
100	12	19
96	0	2
100	16	18
59	12	38
10	46	15
57	42	47
9	10	15
94	38	73
100	8	91
6	10	35
31	30	7
61	4	27
20	0	8
96	10	20
64	0	27
89	22	15
63	26	53
92	12	91
54	42	25
63	48	93
69	42	45
11	30	4
41	10	86
55	8	64
28	46	13
72	46	53
47	8	78
86	12	4
100	30	88
11	0	37
6	8	88
19	20	90
11	16	46
42	46	46
21	0	33
15	4	79
15	42	81
13	10	55
29	16	92
70	26	63
1	20	71
87	42	12
20	34	27
91	2	97
30	46	51
18	4	14
37	0	84
16	36	28
6	8	47
43	22	89
58	32	80
60	42	36
39	20	58
53	30	21
72	46	89
7	34	28
63	10	94
50	10	54
80	2	73
72	10	96
101	8	3
72	8	98
18	4	1
35	36	76
36	24	70
50	2	1
34	40	67
14	42	53
58	36	28
85	34	33
58	30	0
50	34	103
55	8	78
33	46	44
57	8	59
65	12	90
27	36	84
103	42	9
9	22	13
103	42	16
93	30	2
14	20	59
13	26	29
31	16	91
13	46	59
78	6	71
47	32	58
62	32	35
4	4	88
27	2	1
20	2	11
11	34	2
40	2	44
89	22	46
80	32	93
54	16	78
60	40	31
15	16	41
36	42	91
97	46	59
21	24	59
25	34	31
69	34	55
10	10	94
103	42	51
35	30	48
86	2	81
59	42	55
26	32	102
83	4	78
43	16	19
30	34	84
87	24	49
47	30	17
95	46	54
51	34	4
67	4	49
70	22	31
54	10	44
66	4	8
29	16	91
41	42	8
91	12	35
82	6	64
3	24	71
1	42	23
68	8	59
58	26	70
10	42	32
56	42	35
4	36	58
51	12	36
61	6	102
60	24	27
6	42	43
88	4	83
55	46	32
43	0	23
99	4	10
14	12	24
1	42	48
57	16	11
51	34	39
5	32	98
72	42	51
17	28	68
33	42	77
101	8	103
54	10	18
68	32	19
79	2	31
92	40	46
44	10	51
24	10	37
85	30	87
76	36	19
56	30	88
98	4	100
47	16	7
79	30	8
42	2	51
45	10	78
83	4	89
93	46	31
76	4	1
13	42	99
76	22	47
64	32	93
44	22	85
22	0	2
80	6	62
46	10	74
3	12	35
100	30	78
39	10	77
16	16	81
23	22	1
1	42	78
90	42	12
37	0	19
42	2	74
21	34	30
76	36	35
66	26	89
56	22	3
0	6	63
62	12	68
70	0	2
85	34	7
21	36	0
44	4	29
86	0	2
11	46	70
75	20	83
32	12	65
31	34	25
20	16	45
77	30	83
99	30	2
4	30	41
12	22	13
98	46	53
76	26	101
21	48	34
68	42	89
27	24	60
38	48	30
37	12	56
18	4	46
73	26	74
23	42	5
82	32	65
87	12	17
55	2	6
74	30	68
64	46	60
66	46	95
14	42	75
43	48	38
46	8	15
64	12	48
5	24	65
37	26	86
83	34	33
100	42	42
36	2	10
50	32	19
10	10	44
2	16	101
2	10	10
22	32	56
93	6	65
71	30	36
6	0	38
64	2	73
66	46	5
91	10	75
61	38	89
14	10	7
68	48	30
55	32	26
48	0	38
1	20	95
45	12	90
8	12	56
29	10	37
43	26	101
40	30	69
96	32	8
30	32	35
17	6	74
90	36	50
28	4	83
62	42	83
39	10	101
80	4	85
82	30	58
14	20	82
100	30	68
84	24	95
24	46	51
18	30	36
41	42	10
56	10	61
7	42	101
40	46	54
80	32	36
2	34	45
55	38	61
49	10	12
96	12	88
19	34	30
77	38	63
29	16	45
4	36	8
54	6	87
47	10	72
73	2	81
74	34	52
14	8	27
72	2	97
7	8	52
62	12	2
3	6	16
60	10	52
24	4	82
94	4	50
9	22	97
69	46	15
93	26	85
102	46	34
42	10	67
98	16	46
50	20	67
22	2	70
101	12	19
70	2	47
83	32	16
54	0	41
102	10	25
96	6	18
58	46	57
90	30	76
100	42	93
71	6	89
23	10	3
100	10	85
15	10	12
91	10	22
31	12	0
103	0	37
28	4	47
67	16	100
92	10	48
38	6	39
28	2	75
85	10	25
33	18	79
32	10	53
62	42	70
47	22	1
1	8	49
95	10	16
62	2	40
93	30	27
76	46	10
3	46	85
23	10	11
66	40	6
69	10	5
88	24	9
74	12	58
84	8	72
3	22	54
65	32	79
101	46	82
36	10	24
97	10	96
50	36	84
83	22	40
20	4	77
84	42	8
36	10	61
59	24	90
36	42	11
39	22	15
55	26	10
93	46	49
34	2	11
26	8	58
95	42	102
32	8	34
100	42	99
83	46	92
53	20	102
44	22	39
66	10	14
70	8	22
8	48	63
59	22	81
71	30	98
6	22	31
49	10	22
8	42	98
3	24	50
72	24	67
22	12	48
30	34	11
84	24	59
62	32	103
16	24	55
81	8	48
11	4	17
37	26	85
66	12	37
8	30	30
70	46	99
51	48	7
20	4	3
78	32	12
79	8	76
34	34	46
15	8	31
10	10	64
30	30	36
51	46	59
95	12	50
5	26	13
10	26	96
95	4	1
48	6	79
31	20	43
44	28	35
68	8	2
86	46	77
61	30	7
53	42	79
97	42	99
60	34	71
28	6	82
48	26	10
74	46	40
56	48	33
81	8	64
93	26	47
70	6	18
63	10	38
103	46	75
56	36	52
82	26	97
49	12	68
39	8	23
19	16	59
78	26	99
46	46	51
10	6	72
17	34	30
45	16	31
11	0	36
81	46	42
54	16	88
66	38	3
36	10	5
70	10	34
59	20	30
83	34	7
43	4	18
50	36	21
25	22	10
81	46	63
14	10	10
63	16	28
100	46	6
10	10	95
99	46	44
52	30	19
69	10	62
17	6	7
90	30	83
42	22	77
46	8	49
44	30	36
23	12	52
24	8	38
13	12	41
7	46	1
90	4	19
10	30	2
100	10	52
88	42	43
84	46	94
42	12	8
71	2	94
25	30	64
84	48	20
39	16	36
38	8	62
86	34	99
18	8	71
48	4	23
60	8	32
37	32	80
5	16	100
1	42	64
74	22	32
26	46	29
33	48	93
102	10	19
101	40	62
33	48	99
92	26	61
62	10	9
87	34	30
61	26	3
77	48	34
87	30	83
21	36	38
88	2	86
40	38	81
21	24	49
31	10	93
94	30	12
1	42	75
98	10	102
61	4	15
54	10	95
10	30	0
68	2	46
0	4	82
14	34	3
13	42	56
14	42	22
54	4	99
18	30	26
41	34	18
53	32	58
21	8	77
7	8	56
80	30	100
68	36	90
5	2	31
55	30	90
78	8	96
6	8	55
94	38	75
38	34	92
19	28	0
14	12	50
98	30	88
79	30	58
69	42	20
103	8	34
21	26	46
56	24	89
48	6	5
33	18	18
39	20	89
4	24	54
53	48	83
97	24	2
48	22	95
36	36	88
37	30	14
100	42	37
71	16	72
8	10	79
41	42	36
60	42	26
55	10	19
81	42	30
41	48	98
4	36	12
52	4	73
96	34	69
45	0	26
54	42	72
98	0	58
33	32	4
59	30	7
6	8	85
25	30	22
101	10	6
29	42	55
76	4	46
76	46	42
35	36	79
67	6	80
33	46	15
87	26	31
99	26	96
21	8	45
92	8	103
47	32	8
30	0	48
50	20	71
12	4	66
56	24	73
6	26	63
90	10	1
14	8	31
71	4	2
100	20	82
53	22	57
63	20	36
28	22	59
59	8	44
16	34	47
46	40	77
34	24	76
18	4	24
34	12	93
4	4	89
6	10	32
54	2	32
14	42	86
76	4	29
17	24	43
68	20	61
34	26	49
23	8	78
64	6	94
85	12	80
22	34	69
56	24	75
76	4	0
78	10	25
98	12	72
7	30	71
61	2	62
37	12	58
85	40	42
57	42	64
12	42	98
59	2	94
63	34	80
32	16	59
81	22	46
28	10	65
24	14	98
24	6	4
30	30	56
55	46	3
51	24	48
29	12	68
50	48	30
52	36	69
59	4	2
99	0	100
60	40	1
58	10	5
62	10	36
63	38	20
62	40	101
64	0	2
75	46	74
102	30	65
22	24	99
22	2	55
71	10	74
59	12	76
60	8	41
98	0	37
46	8	62
21	10	55
13	38	54
51	8	66
26	8	42
18	2	5
20	6	56
79	30	37
73	32	8
44	4	57
37	46	15
47	46	32
4	10	45
7	42	11
40	2	59
21	10	78
90	42	9
95	8	40
84	34	30
88	30	103
85	8	102
5	24	19
78	22	95
98	46	39
27	20	61
10	42	25
38	8	79
26	32	80
39	16	33
54	42	98
89	12	80
60	10	102
0	46	9
26	42	45
94	0	23
61	26	25
9	0	91
30	34	19
47	10	25
26	36	22
99	30	79
22	18	41
54	6	65
15	20	61
93	0	91
54	40	53
98	0	69
70	30	41
90	8	34
4	6	38
11	0	69
44	0	23
65	30	83
40	26	20
10	6	17
76	2	61
69	6	100
7	10	95
71	46	92
80	2	53
67	26	77
71	6	70
90	34	24
94	6	48
28	10	17
78	34	7
54	10	38
50	20	61
71	10	7
79	24	34
80	6	18
69	10	18
71	6	102
50	10	12
53	30	93
6	22	49
93	46	44
1	42	39
5	22	86
77	8	103
95	6	22
11	16	29
74	4	10
82	30	93
59	30	41
76	4	50
69	48	51
58	46	31
80	22	15
53	10	100
14	42	4
101	10	48
102	2	49
52	46	11
75	22	15
102	0	68
6	22	1
28	26	54
8	10	95
94	8	40
35	42	99
94	32	87
99	32	78
69	10	44
63	26	70
19	46	57
10	42	3
79	6	48
66	40	75
9	10	38
100	8	25
68	8	15
64	0	38
79	8	40
103	10	83
10	42	34
2	10	36
33	32	23
15	8	0
98	22	66
20	0	33
81	10	45
29	26	77
92	10	88
48	10	19
70	30	90
97	10	86
97	12	84
87	10	86
97	10	88
52	46	45
103	0	7
101	30	52
77	0	33
38	42	88
30	46	66
98	36	50
20	46	89
102	46	3
28	36	16
38	26	32
74	30	83
80	2	70
56	42	72
88	0	27
50	6	39
99	22	77
63	10	82
20	26	43
32	26	5
102	8	55
84	30	28
55	10	17
79	32	87
23	46	13
34	4	13
11	16	49
65	42	16
97	42	16
46	8	29
67	10	7
27	2	15
91	36	24
38	0	52
40	30	36
90	42	8
103	2	77
57	2	15
75	12	80
65	42	99
89	6	71
58	12	7
89	12	48
99	30	71
103	26	59
59	24	21
15	34	65
22	46	92
68	48	43
65	12	91
71	2	59
15	4	18
81	42	59
55	30	72
99	4	36
43	4	62
26	46	1
28	12	80
72	42	12
51	10	30
16	0	72
21	8	91
66	22	45
98	48	41
56	10	31
36	6	90
92	38	42
82	30	56
44	36	21
34	22	42
20	4	91
86	34	9
91	42	51
8	24	6
35	8	103
87	26	57
5	26	32
30	0	4
94	2	5
43	0	28
83	46	25
78	22	59
60	34	82
57	8	14
69	42	3
56	2	74
41	48	45
54	38	97
34	34	2
13	46	61
83	48	4
67	24	17
97	4	41
65	34	57
92	10	70
2	36	4
8	42	20
97	34	29
96	8	89
36	4	63
26	2	74
87	8	97
38	24	101
21	8	11
19	46	89
76	36	21
98	48	84
72	30	23
52	46	60
13	12	21
99	42	98
65	26	95
41	48	3
67	12	79
30	26	3
90	34	30
32	16	24
87	46	81
39	26	63
90	6	63
49	6	52
88	32	58
17	46	55
102	46	77
54	8	56
98	34	38
0	36	91
30	2	5
50	30	36
103	46	73
25	48	13
103	34	24
14	42	73
67	30	8
5	0	80
45	10	28
7	10	59
3	46	47
88	22	1
15	10	26
22	2	73
6	8	70
68	6	4
65	48	98
60	40	29
7	34	75
74	48	33
52	4	75
35	10	55
8	0	91
18	46	10
83	46	20
26	0	90
38	24	97
67	8	71
53	0	27
101	24	2
80	0	14
18	30	93
87	8	91
23	32	22
83	6	15
48	26	54
19	42	54
100	24	59
48	24	66
46	8	50
31	42	64
41	48	35
20	4	92
101	30	18
2	42	6
7	42	65
16	24	89
68	4	18
27	34	103
6	8	89
65	46	81
68	8	24
27	42	78
78	16	63
40	38	89
40	12	76
27	42	96
75	0	38
99	46	57
19	46	31
44	38	89
66	0	87
5	8	40
43	22	6
10	42	13
21	46	73
27	36	90
19	30	28
58	12	36
16	30	18
29	42	81
94	16	34
27	34	34
78	12	80
4	4	70
87	42	51
100	8	35
11	30	23
101	10	102
79	2	94
66	4	42
102	22	57
55	4	85
22	30	19
6	38	94
90	46	85
22	6	44
67	16	45
71	6	64
99	6	17
33	16	39
27	42	64
67	12	38
84	8	11
45	8	20
95	10	37
1	20	44
69	24	86
101	30	4
3	46	39
49	10	51
98	34	2
16	2	74
4	42	62
102	0	0
31	10	42
87	46	39
13	10	78
34	10	97
60	42	99
7	8	69
58	46	62
78	6	40
56	32	102
54	0	17
64	6	40
38	36	84
11	8	25
1	30	16
20	46	53
20	34	38
49	8	62
95	30	72
44	38	73
19	24	1
40	4	46
51	22	60
31	10	99
102	10	17
19	8	60
76	6	89
49	42	78
94	30	58
74	46	46
90	22	54
94	4	0
69	46	1
89	30	87
41	18	23
92	40	67
14	10	63
84	42	58
58	26	81
58	46	59
44	26	101
15	46	63
53	26	63
90	8	45
31	16	35
93	32	78
59	46	10
83	34	56
7	46	40
86	30	17
28	8	22
94	38	70
36	8	37
49	30	36
75	22	46
37	26	47
52	10	21
14	20	79
32	16	27
49	42	73
29	4	5
96	46	101
77	2	13
78	26	42
93	10	79
102	8	86
64	36	16
75	30	35
30	46	9
50	34	20
10	42	98
95	10	66
88	34	33
92	40	82
64	12	102
83	6	27
6	10	98
73	46	97
61	6	78
102	8	89
43	24	91
27	36	87
15	16	98
53	10	11
73	0	68
77	30	52
82	16	91
51	10	57
51	24	28
63	10	67
56	24	81
18	4	2
38	42	89
91	12	100
15	46	9
75	10	56
33	18	76
82	6	48
92	12	35
9	40	55
53	10	3
74	10	1
67	8	18
9	46	59
98	0	8
93	46	59
103	16	57
102	24	51
13	10	96
83	6	68
44	10	66
44	4	49
42	42	98
64	46	92
86	42	61
48	4	86
100	24	95
2	20	67
44	2	59
80	30	84
31	10	56
7	30	76
49	4	82
48	36	33
67	8	40
85	8	75
93	6	3
92	34	38
55	6	76
94	4	15
84	0	7
41	42	26
22	12	78
15	10	10
70	38	59
0	4	94
28	0	0
65	10	6
73	10	100
6	4	4
58	26	53
101	24	14
6	8	73
76	4	14
21	36	27
97	10	102
88	0	24
102	6	94
66	22	97
24	42	22
21	36	24
47	34	99
81	10	20
99	46	95
13	8	92
83	30	100
54	10	67
52	20	64
19	8	87
52	42	82
47	22	29
54	42	20
94	4	24
13	10	47
3	24	0
28	34	33
61	22	47
26	26	81
16	8	51
77	26	31
89	38	43
94	20	43
11	42	51
31	8	5
92	10	75
90	8	32
12	0	21
54	40	75
14	10	58
23	2	81
51	0	87
13	10	88
90	8	3
56	34	48
22	0	14
49	42	64
57	2	46
88	2	70
2	42	55
83	26	99
61	10	17
79	22	47
22	30	65
9	34	52
90	30	4
77	8	11
78	0	50
78	24	66
78	30	65
56	24	55
86	42	5
70	30	87
79	16	60
90	42	26
3	24	79
18	30	56
7	24	81
1	24	17
45	30	4
75	24	37
94	2	82
94	26	77
10	10	82
76	2	94
84	12	21
22	22	57
5	2	67
71	24	34
49	10	54
1	24	72
5	26	20
41	8	87
11	30	48
35	10	52
42	30	2
75	8	22
70	10	17
60	24	14
66	4	93
21	24	43
13	34	30
23	10	16
62	46	54
26	32	23
74	34	81
41	46	73
64	4	39
50	8	0
79	22	86
102	0	24
78	12	23
11	0	7
100	30	0
50	10	33
37	34	102
66	0	72
38	42	80
5	32	35
3	10	22
68	10	12
22	46	11
49	42	80
87	8	65
74	30	0
59	10	37
9	48	7
85	26	66
84	0	69
30	30	58
70	32	56
71	6	78
81	8	80
46	8	30
24	34	97
48	10	87
90	8	13
92	24	50
31	42	70
44	26	13
42	16	4
57	6	4
36	8	42
21	42	8
61	4	68
17	10	80
83	10	60
68	6	23
96	38	5
92	24	0
49	4	67
26	0	72
88	10	100
21	0	7
39	42	30
93	12	26
24	12	50
42	2	54
85	46	92
92	0	7
17	8	100
5	26	11
50	34	11
30	4	95
96	30	91
66	4	58
88	6	61
29	42	28
38	42	70
63	6	90
43	46	54
16	10	50
25	12	35
78	12	88
20	4	97
56	10	95
99	12	26
85	22	1
50	10	99
95	10	99
30	48	0
32	10	23
99	26	89
57	42	6
14	10	42
18	0	23
96	2	55
43	4	40
103	12	35
25	16	68
1	20	82
77	30	80
44	28	103
35	30	28
20	12	35
63	42	32
88	8	64
67	10	74
83	0	71
68	34	72
17	10	52
60	8	77
33	36	52
37	2	10
20	30	64
88	32	56
45	34	2
34	12	72
75	12	48
8	0	90
43	48	14
0	48	30
74	8	66
6	6	18
98	6	63
52	8	47
51	40	3
29	2	46
42	12	26
19	42	16
80	12	52
96	12	28
62	42	75
43	0	48
44	6	64
0	4	5
37	30	38
78	4	83
97	10	55
47	8	70
33	24	73
54	2	101
42	32	28
95	30	8
80	30	19
54	8	26
19	24	5
14	34	98
38	46	9
43	30	33
84	0	33
2	46	9
56	10	76
81	30	12
0	24	60
97	42	74
96	0	14
39	42	95
65	2	101
90	12	41
93	8	74
65	10	86
87	10	70
67	22	47
99	0	72
59	10	51
25	22	9
71	6	81
70	26	54
31	30	21
33	34	78
20	0	93
28	36	8
97	34	0
19	8	17
85	26	9
38	36	87
32	0	36
100	30	27
53	32	8
88	8	22
64	4	52
47	10	3
35	34	38
39	6	2
48	16	63
42	30	14
75	10	11
97	34	46
19	10	6
20	34	24
33	0	19
19	6	8
2	20	59
55	46	20
62	24	17
16	46	67
37	46	59
8	10	5
9	10	0
4	10	97
92	22	54
53	32	69
15	32	19
99	46	29
93	12	56
65	26	67
1	8	31
32	10	75
0	10	42
48	22	59
4	36	93
55	38	94
23	10	102
52	10	101
0	10	10
4	30	19
88	8	78
64	34	69
64	30	17
18	6	80
86	30	91
49	40	3
13	10	80
38	2	15
93	26	6
45	16	18
2	34	34
15	12	68
3	4	87
46	42	73
51	0	41
66	16	81
32	48	98
87	46	82
94	32	84
26	30	38
59	30	33
93	30	38
47	2	81
61	28	87
68	6	39
52	8	81
52	42	40
65	34	0
3	40	29
64	6	61
42	0	84
52	46	3
65	12	21
38	42	81
29	30	16
62	42	73
88	34	7
89	46	32
71	30	12
13	46	40
32	10	88
13	8	101
23	32	26
101	46	81
45	28	30
98	2	34
66	10	38
50	10	8
43	30	58
100	8	41
18	32	90
98	48	21
58	4	66
60	16	43
12	24	85
10	46	47
81	38	82
102	34	33
6	40	9
56	8	12
59	42	28
59	8	18
96	30	65
93	0	21
76	6	96
90	48	98
4	10	25
86	46	13
49	16	86
15	46	51
68	30	36
97	42	66
41	42	42
7	46	39
35	8	34
6	46	74
103	2	92
53	20	48
42	42	11
87	8	101
6	22	46
19	48	32
36	8	56
83	34	26
79	36	19
93	10	94
15	12	24
62	16	98
60	10	83
81	4	83
35	42	51
21	24	82
71	4	50
6	32	36
61	8	43
88	8	102
32	12	72
14	12	0
42	10	82
53	8	89
7	34	102
24	30	36
11	4	60
93	46	1
93	22	13
40	40	11
91	48	25
8	0	84
74	8	51
31	34	98
10	8	58
59	8	71
103	46	81
50	48	43
84	10	75
70	30	91
82	10	16
73	10	34
25	48	97
62	10	93
87	30	71
14	6	83
18	6	64
1	8	24
12	0	87
49	40	45
62	6	23
61	26	97
1	42	47
30	48	29
34	30	78
7	42	34
34	34	0
30	2	61
66	0	35
45	0	33
11	34	0
14	36	87
24	10	7
81	42	43
18	2	59
73	8	70
32	42	26
26	4	66
64	10	100
4	30	100
101	8	45
0	36	98
42	40	55
45	0	56
59	0	80
47	6	50
57	12	24
5	38	96
68	6	52
13	30	71
70	12	102
1	10	56
95	30	35
96	2	75
64	8	70
86	20	73
72	2	45
80	46	42
6	32	56
53	34	9
46	8	68
101	30	76
8	8	58
88	24	51
99	30	38
44	2	5
43	30	26
35	34	31
12	0	84
27	24	97
28	4	39
81	38	40
89	38	82
84	24	49
2	20	79
62	38	86
86	8	75
99	4	54
62	12	27
39	38	31
56	0	21
100	20	65
26	12	69
61	26	20
18	6	70
35	12	21
97	6	26
32	46	39
34	0	36
16	8	9
41	16	29
7	34	48
30	10	7
90	24	95
61	26	92
35	16	46
80	10	45
72	2	11
102	8	48
7	46	29
98	0	26
42	46	1
51	46	94
51	46	31
60	10	39
100	6	56
82	30	103
35	8	20
73	46	13
40	30	103
72	12	90
57	26	101
30	0	78
85	46	32
87	36	24
5	10	37
55	0	50
15	42	73
78	10	103
2	32	100
102	6	67
98	30	80
58	30	30
79	0	4
61	30	8
44	26	32
40	34	60
64	2	85
84	30	48
42	12	7
58	12	26
38	4	67
90	8	87
31	2	1
66	10	2
70	46	60
36	16	81
23	34	74
77	8	72
23	8	72
2	46	51
74	22	60
19	6	74
30	0	80
89	30	19
90	24	59
66	40	70
7	34	64
92	4	60
64	42	43
83	22	59
67	26	3
9	16	81
70	26	10
88	30	84
60	42	58
29	8	62
49	42	47
102	8	28
31	42	23
4	6	49
3	26	5
45	46	81
3	30	52
58	28	102
31	46	63
22	30	103
12	26	6
32	42	58
21	10	47
82	10	37
49	40	77
39	30	93
1	40	60
19	10	23
71	4	14
91	2	77
83	30	84
71	6	22
70	46	42
4	42	40
24	6	47
44	6	48
26	30	68
77	12	90
85	42	79
98	8	25
86	22	1
88	6	67
53	42	71
44	36	19
98	16	29
36	12	7
83	46	11
72	26	44
52	6	1
23	2	6
3	12	72
20	32	30
72	22	54
70	2	96
62	20	43
17	30	83
43	22	73
86	30	84
61	30	12
85	38	62
42	10	79
31	10	66
11	30	102
54	10	40
85	46	97
57	42	88
72	46	86
91	10	73
68	34	34
55	30	21
61	0	52
51	10	29
94	46	10
24	14	35
48	46	3
44	16	100
59	12	24
8	8	16
64	8	96
37	46	29
42	38	92
6	0	27
64	46	97
96	0	27
34	2	45
83	26	74
103	34	2
68	20	40
12	26	81
58	8	93
38	8	76
26	30	2
91	16	1
77	10	70
59	4	1
64	10	11
6	38	67
7	48	51
70	4	39
36	42	32
26	2	51
27	12	68
60	12	17
59	22	86
33	42	97
5	26	25
100	6	33
38	10	12
102	22	62
33	10	94
60	24	24
98	48	101
90	46	43
69	42	65
28	42	30
77	42	93
0	8	62
10	10	88
80	34	33
101	48	34
2	42	22
12	0	78
84	36	68
20	34	46
9	4	54
47	10	92
74	30	38
28	0	27
82	26	20
50	42	88
3	2	97
30	34	101
39	42	82
32	32	18
96	46	13
1	10	42
16	42	25
31	42	73
27	12	0
28	46	3
82	24	19
8	30	27
22	36	26
86	10	72
39	10	25
1	42	6
45	0	69
39	6	68
58	8	42
53	42	40
71	10	51
21	8	97
56	42	98
28	6	40
68	10	93
99	46	62
33	42	45
23	6	68
62	12	0
68	42	48
94	4	14
82	4	50
87	8	32
9	22	45
77	24	50
71	22	85
33	22	55
88	2	53
9	30	79
89	30	98
49	8	31
96	10	98
55	8	89
60	34	62
40	4	24
80	34	99
29	16	103
12	10	82
18	8	40
88	22	29
8	10	94
42	30	68
83	30	91
40	4	50
4	30	17
74	0	72
50	20	82
81	24	37
7	24	53
54	8	36
27	36	91
74	4	63
37	22	3
78	24	51
85	42	43
25	0	26
99	8	9
8	30	38
41	42	12
45	16	43
45	2	97
80	42	5
85	22	57
2	2	49
103	4	17
37	22	101
43	48	24
11	0	93
31	10	37
79	8	59
48	30	98
96	22	59
84	30	4
25	34	1
8	46	1
31	10	12
30	4	67
83	4	73
37	30	76
11	42	74
87	2	13
81	0	38
10	0	41
9	12	56
56	42	103
30	48	68
97	34	30
60	10	55
63	6	87
49	10	56
68	34	45
36	6	92
101	34	15
78	46	97
39	34	37
86	42	67
54	42	3
65	24	62
61	38	96
96	2	6
7	46	15
15	26	101
9	30	83
96	38	94
66	4	10
22	12	102
65	10	78
27	42	88
6	38	62
61	28	21
62	22	81
20	2	25
8	28	23
100	46	15
27	24	101
40	16	72
58	30	68
88	0	14
73	22	62
37	0	65
41	36	2
23	42	44
95	0	52
65	4	92
79	0	52
81	8	86
18	0	52
36	0	19
101	48	25
101	46	44
82	46	63
61	4	57
93	48	33
63	16	64
45	10	22
48	8	55
17	42	37
61	30	36
73	8	48
8	10	67
96	32	12
54	40	89
94	26	97
103	8	20
79	4	27
92	26	62
17	12	19
41	42	56
51	0	72
80	10	3
53	22	1
92	42	37
55	38	44
81	16	66
65	6	12
103	36	71
11	0	56
77	4	100
45	12	65
100	46	61
69	30	50
29	6	52
22	6	76
4	6	57
97	8	45
75	46	60
56	22	101
14	10	56
95	0	23
14	10	69
99	12	56
52	34	99
14	10	12
66	40	96
94	10	66
12	36	52
27	42	6
1	20	61
73	32	58
55	12	48
56	8	8
10	8	56
3	38	51
92	42	74
3	8	25
93	12	8
43	48	2
38	34	25
53	42	61
78	12	64
99	32	48
36	8	8
26	0	35
75	30	91
33	48	51
4	34	66
60	4	3
88	42	30
56	46	62
82	30	12
15	20	40
48	4	53
13	26	31
76	34	41
66	16	39
0	6	53
79	46	63
21	8	13
62	38	53
8	10	61
11	16	57
47	46	101
40	22	39
43	24	87
57	16	45
32	26	43
9	34	23
19	20	25
76	0	4
53	42	5
79	42	83
68	36	41
46	10	69
65	34	50
61	38	6
100	10	4
32	10	89
26	28	88
89	24	93
22	30	90
54	12	69
6	4	83
32	8	92
77	42	51
27	10	7
81	10	72
32	16	1
47	42	94
41	34	40
22	26	54
75	2	86
63	6	19
53	8	64
93	42	20
5	10	66
48	0	24
27	42	23
75	42	16
72	42	9
23	46	101
3	8	98
100	24	31
58	46	95
77	2	97
44	2	61
70	22	62
7	46	43
71	32	21
26	22	13
67	24	21
101	38	42
85	38	5
59	12	50
14	24	97
65	4	60
47	8	23
45	0	93
38	8	71
85	2	47
43	4	82
102	30	90
34	0	8
16	30	71
33	30	30
47	38	62
96	46	77
51	12	93
39	10	3
42	0	90
10	30	28
77	26	62
34	38	63
101	10	78
9	8	66
94	16	3
27	10	36
73	46	32
39	20	48
54	4	16
40	2	31
68	46	63
82	10	7
57	16	90
44	28	72
44	46	10
95	8	61
75	10	19
27	20	67
4	42	30
25	48	65
19	36	71
36	34	55
78	32	58
86	46	97
25	12	72
68	34	11
13	42	8
46	10	26
101	10	86
40	0	4
63	8	54
2	20	95
1	30	90
102	46	97
35	24	82
28	10	60
63	42	92
88	32	8
43	10	7
61	30	69
15	38	85
27	42	55
68	4	79
64	26	42
91	10	102
76	22	53
70	12	80
68	8	0
14	36	21
99	32	28
32	26	38
29	10	69
24	36	41
41	30	28
42	10	43
24	20	40
80	0	0
57	42	28
76	6	80
24	10	54
25	0	7
91	36	68
7	34	70
75	0	2
68	8	49
15	8	59
86	22	46
8	22	32
31	10	26
82	42	83
96	40	54
16	22	101
29	4	61
36	6	100
97	10	22
31	12	50
22	22	49
60	24	38
42	10	94
44	4	0
34	10	86
45	40	67
66	40	73
17	30	78
16	36	64
47	20	73
94	8	67
60	8	21
42	46	29
21	32	18
41	34	94
43	4	79
35	24	43
88	34	63
55	2	73
54	2	10
4	34	9
23	30	84
32	8	20
52	36	37
69	34	22
26	46	95
5	30	12
24	48	30
81	30	36
28	2	81
92	0	56
51	42	20
66	48	69
4	8	52
24	24	13
67	10	37
66	24	78
28	6	5
102	24	66
71	6	80
63	20	9
97	10	53
35	2	3
99	34	52
56	24	53
4	10	65
29	4	82
94	8	62
99	2	74
57	42	39
30	22	75
46	4	79
81	8	78
6	0	2
30	48	24
57	42	89
37	42	72
63	48	26
4	36	26
7	10	38
74	22	97
68	42	78
44	16	60
21	12	19
38	8	31
101	10	89
97	10	75
80	30	87
92	10	102
19	46	96
5	32	103
97	46	43
74	48	69
70	2	6
36	46	1
12	30	50
21	30	4
97	46	95
60	34	76
18	36	17
40	38	73
7	42	84
52	36	56
25	46	59
89	32	36
20	22	9
64	0	14
49	16	11
16	42	20
25	0	56
87	46	94
16	46	40
1	20	62
17	20	98
85	24	69
3	0	69
79	22	85
23	10	45
69	44	91
59	38	70
69	8	12
63	26	81
50	42	102
40	2	95
64	6	76
79	36	100
98	26	40
90	10	89
46	10	8
42	2	9
72	42	58
63	48	12
100	20	20
100	10	80
63	20	99
98	48	65
72	10	55
43	34	41
49	24	41
70	46	101
17	42	93
65	22	10
66	24	28
19	42	37
52	10	13
28	22	62
52	34	16
78	8	70
2	2	57
45	42	66
59	12	0
43	4	29
76	6	102
1	42	102
52	36	36
100	20	21
57	8	30
64	22	59
0	8	57
12	12	26
3	26	95
80	12	48
71	16	35
95	46	10
95	26	11
61	2	94
2	46	66
6	10	45
2	16	97
26	16	86
39	8	47
21	8	87
81	10	25
91	2	13
78	46	60
42	32	22
56	24	85
84	10	96
51	22	101
59	30	26
7	10	44
47	30	87
1	24	19
11	10	83
91	42	26
42	26	70
70	46	74
43	26	11
39	0	24
103	30	64
33	4	54
2	12	24
98	36	0
103	12	91
23	32	33
6	8	80
1	10	7
36	42	72
52	6	43
2	20	40
70	2	95
31	12	2
65	36	38
4	8	80
59	46	63
21	24	94
97	8	3
52	42	71
29	10	10
33	46	95
77	8	32
83	26	51
103	8	98
1	42	88
34	46	55
3	40	49
0	42	64
3	0	56
62	10	42
6	8	22
84	10	88
78	2	6
89	8	22
6	22	57
18	22	39
94	30	56
83	22	67
11	22	10
92	10	96
97	46	82
4	10	90
13	24	0
91	16	57
92	6	58
95	12	24
56	12	7
15	42	89
19	46	73
24	14	72
21	42	16
68	42	6
28	8	64
63	42	45
24	20	71
77	26	29
77	42	66
52	10	97
39	10	84
54	8	42
75	46	92
70	0	14
90	42	74
49	32	100
49	32	19
9	6	100
86	10	11
25	12	98
25	10	73
75	22	31
91	2	11
68	6	47
54	38	13
103	26	94
19	42	36
59	38	89
50	8	14
37	12	8
40	6	22
56	2	9
3	24	18
90	30	79
43	22	96
29	42	102
34	22	54
65	24	5
23	34	99
87	2	60
64	8	78
57	42	76
102	6	44
77	26	40
80	30	17
54	30	68
13	24	68
16	10	43
58	0	100
24	32	17
99	22	92
63	38	77
42	46	15
75	4	52
46	32	17
46	32	100
51	24	80
68	8	50
68	36	84
81	40	51
44	36	87
47	42	59
84	46	44
61	6	22
57	46	9
12	0	90
4	6	68
6	10	91
71	30	26
95	2	46
0	6	52
63	10	44
20	4	65
31	16	3
21	24	62
58	30	27
83	10	13
89	32	37
75	4	39
34	22	10
27	36	17
71	30	58
5	30	69
55	26	99
49	4	71
52	8	39
15	4	71
83	6	29
93	30	24
84	26	15
18	34	60
84	10	70
29	42	86
94	26	101
89	0	38
71	6	73
71	2	67
8	6	65
8	6	92
71	26	101
16	10	27
54	4	51
44	38	75
78	12	102
82	32	90
93	34	83
7	8	42
17	24	5
56	46	49
0	34	90
51	4	10
9	22	77
96	10	103
44	46	54
72	30	80
84	42	93
88	22	57
95	26	97
6	38	61
73	46	77
13	46	81
44	6	88
25	46	39
74	6	17
78	6	5
41	30	83
18	6	78
84	24	43
23	2	89
82	10	74
86	34	51
51	0	17
11	24	79
44	42	83
79	2	82
36	8	12
30	4	76
61	46	10
46	42	88
39	10	19
16	12	8
57	46	51
24	10	26
35	10	4
19	30	22
20	46	73
7	42	100
84	8	45
83	48	47
94	16	20
10	42	87
95	2	67
67	30	69
47	10	90
9	46	31
63	26	6
80	24	66
17	6	54
94	32	103
68	20	44
69	42	13
15	42	80
53	42	43
17	24	40
52	10	32
85	42	95
45	8	25
55	10	100
83	22	95
84	10	64
48	8	78
26	26	85
84	6	63
50	42	96
84	10	23
49	34	65
97	8	91
46	32	19
69	10	43
83	16	42
50	8	62
80	42	59
36	0	21
45	16	57
90	24	62
100	16	79
63	38	34
46	40	3
100	30	28
80	32	12
99	34	85
26	28	78
103	10	80
48	22	1
22	46	3
49	2	46
62	24	90
25	42	33
100	16	71
31	8	79
5	12	79
81	6	79
14	10	93
62	16	32
55	22	15
52	4	20
23	2	86
13	24	24
6	6	79
7	8	12
89	46	9
31	34	20
87	30	52
49	42	70
87	8	11
69	24	53
90	0	69
12	46	49
31	30	87
72	8	20
20	10	4
52	42	18
39	10	35
16	0	90
35	46	47
101	46	61
53	12	80
19	46	55
78	4	52
103	0	69
26	26	96
84	46	40
50	36	41
1	8	46
23	6	24
53	6	0
6	10	3
67	6	88
80	30	41
91	16	15
31	8	59
77	10	53
56	42	20
17	8	97
97	10	73
78	8	22
60	10	23
37	34	4
42	42	25
8	2	10
74	26	6
84	36	38
17	46	96
87	12	19
88	34	69
1	20	94
78	32	93
30	48	2
79	8	67
36	42	103
102	22	46
94	26	11
51	10	46
7	30	14
75	32	93
53	42	82
60	12	19
52	10	25
7	46	82
80	0	2
36	30	14
25	30	23
22	34	7
82	10	66
14	24	13
2	34	35
27	42	53
92	20	34
33	36	28
61	6	48
15	10	58
89	22	1
57	8	2
69	30	0
43	2	44
4	4	22
60	16	44
61	2	67
102	6	79
9	22	101
66	34	4
2	42	75
11	8	98
90	34	14
22	36	12
81	16	9
73	30	72
6	30	84
59	46	34
47	8	96
76	30	56
48	30	91
99	0	65
96	2	86
58	24	73
37	42	35
45	8	91
73	16	9
66	0	17
21	10	70
34	48	91
28	22	1
59	2	82
27	48	30
12	0	41
23	10	92
38	42	22
5	4	2
93	0	87
18	2	94
24	32	100
81	6	76
74	46	82
91	0	7
80	30	90
37	2	42
92	6	12
94	22	86
18	24	34
68	24	77
44	22	81
41	16	46
15	8	27
73	2	6
59	16	32
100	8	72
79	30	69
45	16	79
97	12	17
62	12	38
45	0	8
64	26	10
10	10	61
27	20	44
75	46	32
46	16	11
52	30	41
51	10	27
35	6	63
31	38	39
92	4	17
82	38	73
70	6	79
45	42	16
63	6	21
58	42	103
100	16	76
25	26	67
62	2	59
88	46	45
2	8	27
51	22	32
76	24	34
84	42	9
70	46	66
16	30	83
58	26	55
96	46	74
8	0	21
41	10	55
78	30	21
43	30	36
50	34	101
39	10	11
26	26	6
66	34	23
62	38	85
14	48	43
99	46	46
100	20	84
81	30	17
75	42	30
91	46	86
44	26	97
26	10	71
94	30	7
75	26	63
4	10	98
73	16	37
57	20	40
42	26	85
25	48	21
55	0	27
80	12	28
35	10	89
100	30	64
58	12	37
79	4	50
93	10	30
24	34	103
85	42	18
66	24	102
6	46	101
64	2	86
97	46	61
16	4	54
86	0	14
27	34	11
33	48	12
15	46	13
13	30	52
4	4	75
9	12	12
0	4	44
26	8	16
17	42	9
45	2	13
59	24	87
20	40	82
11	8	34
5	26	34
20	26	44
86	6	68
69	46	29
65	0	33
26	46	57
29	6	4
1	6	83
39	42	76
73	6	79
59	30	58
58	10	76
56	2	54
68	8	29
36	10	50
23	30	19
96	12	102
25	30	4
58	6	17
77	24	14
102	24	9
34	30	48
43	48	50
17	24	62
82	10	99
20	22	42
5	46	10
82	2	31
64	26	99
36	10	46
55	30	41
38	16	60
38	36	21
63	10	15
47	26	10
101	0	33
18	30	8
12	30	14
86	10	20
84	32	18
96	46	3
41	18	52
57	16	92
85	0	2
53	30	41
59	20	43
46	6	4
67	26	97
21	8	103
83	22	43
12	24	55
27	10	42
89	38	40
89	4	52
28	4	85
61	26	34
1	46	9
15	10	74
102	8	47
24	42	73
5	2	62
49	12	50
0	10	7
86	22	29
28	10	21
45	10	88
102	6	30
39	42	94
88	8	96
48	8	102
2	34	11
103	0	12
7	46	62
9	10	29
4	6	1
46	42	55
102	34	7
84	42	36
71	2	31
33	46	29
19	24	82
34	0	56
70	30	21
89	38	67
82	26	92
71	8	62
62	24	21
23	36	7
98	10	28
40	2	67
58	28	64
52	10	65
16	10	38
90	10	88
92	4	65
92	4	21
29	42	64
83	10	3
17	42	51
0	34	11
15	10	7
96	0	24
47	10	45
69	26	6
73	4	85
51	38	92
84	26	46
18	32	103
81	22	57
93	34	52
72	42	8
85	30	16
96	30	90
14	42	89
4	34	51
20	4	100
3	2	13
54	10	61
33	48	8
79	4	49
95	42	83
58	0	84
19	36	79
54	30	14
95	26	3
14	12	68
2	42	85
90	46	81
57	10	26
26	12	7
92	46	53
85	2	53
38	24	77
79	6	75
64	32	37
59	8	5
79	32	90
67	26	11
13	46	95
57	42	70
48	36	36
16	22	97
40	10	37
29	42	39
48	8	88
69	42	92
89	38	44
94	46	42
50	8	31
56	36	4
95	42	88
27	42	70
62	2	67
34	40	43
97	42	56
55	22	46
52	30	100
21	26	40
94	34	60
64	24	66
96	4	4
28	0	38
81	8	47
45	34	27
73	34	56
29	10	56
48	32	37
76	8	18
5	0	23
95	38	89
102	30	35
22	2	75
84	10	102
38	34	35
86	42	30
27	42	89
79	6	6
52	34	51
20	4	90
18	4	57
0	36	21
96	38	67
29	16	98
34	0	26
86	42	82
70	2	55
42	12	12
26	48	63
52	48	83
96	34	7
17	10	53
81	30	8
92	8	98
57	10	56
93	2	42
25	30	18
14	46	74
59	0	4
72	46	75
45	0	36
58	10	18
86	32	69
89	38	59
37	0	41
45	46	39
0	42	70
81	10	84
94	30	37
24	10	10
63	8	69
41	42	54
22	4	4
90	30	80
40	46	63
37	46	57
75	12	28
47	34	51
100	20	77
38	10	26
70	30	65
64	32	26
37	0	87
82	38	81
34	0	58
16	24	75
33	34	88
2	36	87
90	46	5
40	32	90
36	46	43
17	36	18
89	0	0
59	22	39
58	0	90
21	0	69
92	8	11
84	36	0
84	12	41
68	42	75
81	42	95
55	42	43
86	10	92
6	26	42
40	0	23
52	24	42
94	0	4
55	4	52
97	10	28
72	24	40
27	8	31
42	0	87
63	42	11
94	10	54
3	40	46
52	6	29
44	22	53
93	30	14
98	46	75
29	38	85
64	6	71
7	42	92
91	48	98
55	32	58
21	26	31
59	4	27
12	30	68
16	46	31
22	24	42
100	46	86
81	38	67
31	8	18
32	8	3
89	12	28
77	10	28
19	42	33
72	16	29
74	22	101
57	30	84
11	26	43
15	6	83
22	2	6
87	10	88
54	0	19
26	6	65
9	48	69
74	12	12
78	22	62
62	2	15
32	10	86
20	12	103
34	38	99
28	10	100
79	24	45
50	42	64
29	8	27
88	26	42
0	42	78
98	34	27
38	42	86
7	0	41
34	48	84
14	46	66
1	42	89
37	46	43
77	10	23
48	6	82
67	4	27
6	30	21
23	4	73
93	42	103
1	6	52
75	46	97
69	8	56
63	16	55
83	30	65
33	10	67
39	20	73
29	32	19
84	42	51
85	8	96
79	6	81
54	4	33
1	12	68
29	4	71
74	32	102
67	42	83
55	32	12
62	38	47
42	12	56
87	10	23
10	10	71
26	6	97
95	46	42
73	16	63
94	10	9
80	10	98
70	34	7
22	16	63
35	34	27
91	36	71
66	10	43
4	6	50
21	42	37
99	0	84
103	26	61
22	30	72
17	20	25
37	22	77
3	24	76
28	0	50
57	10	37
28	22	29
37	34	52
43	10	51
11	16	15
9	0	84
94	6	80
89	46	77
90	8	84
81	0	2
1	34	98
44	2	31
63	8	10
79	20	30
94	10	51
48	26	42
18	4	50
75	6	76
62	20	30
85	30	90
65	12	87
79	2	5
19	46	75
93	6	92
15	10	33
77	30	4
14	34	34
32	16	67
43	0	102
7	46	49
90	30	52
45	26	59
73	4	86
8	36	48
102	46	32
86	8	78
82	10	51
70	38	82
31	48	30
54	42	45
55	30	91
94	46	63
76	32	84
63	10	71
18	34	41
0	2	49
75	2	81
48	0	0
98	26	82
32	16	2
99	0	41
2	20	18
72	46	85
93	32	64
0	4	71
80	32	69
62	46	63
86	42	18
43	48	0
54	10	76
84	46	67
97	12	65
36	10	82
46	30	87
34	40	94
82	16	45
31	34	103
0	4	67
79	4	1
56	34	83
27	20	18
64	30	19
53	42	76
71	16	3
18	22	86
83	16	10
72	0	69
50	42	89
37	2	9
63	38	25
68	36	21
8	32	80
27	12	50
36	10	40
83	34	37
85	4	28
67	30	36
30	48	27
43	26	34
60	8	87
64	46	32
82	8	67
71	22	53
78	22	31
31	46	54
5	12	38
102	8	88
70	22	57
54	46	49
34	0	12
19	20	11
16	2	42
101	6	58
54	10	59
38	10	74
0	24	13
37	22	97
58	2	10
0	24	92
59	46	54
41	16	43
56	2	42
44	38	70
103	2	3
32	6	37
76	8	95
28	34	69
96	22	15
47	10	35
52	10	90
41	10	75
68	8	31
46	10	54
10	20	66
6	32	69
62	42	22
8	34	83
83	10	97
28	10	11
67	12	76
25	34	27
45	8	35
81	24	33
39	8	53
54	16	23
11	12	91
42	16	52
102	46	45
41	36	38
42	40	89
30	4	59
57	42	75
37	4	33
3	26	1
75	30	21
59	10	74
66	22	34
12	0	72
22	36	8
57	32	19
22	0	38
93	26	75
88	4	39
59	16	100
7	6	17
76	30	36
92	8	3
32	10	48
83	34	8
28	36	36
98	10	73
48	46	32
75	46	101
10	30	14
29	12	50
71	2	61
17	6	71
10	10	40
0	8	2
57	8	95
90	0	7
101	6	12
93	24	73
21	10	22
31	8	62
9	40	70
55	34	36
37	26	96
92	10	78
78	46	45
78	6	79
86	42	71
79	26	101
69	10	76
85	8	22
25	10	48
81	8	53
98	30	22
55	8	22
87	24	61
91	36	2
34	0	69
62	12	79
24	10	58
91	42	9
99	34	4
94	2	44
36	28	23
45	30	23
71	4	57
0	34	48
70	34	69
40	20	30
49	32	84
83	48	53
75	46	51
68	6	53
10	46	46
56	6	19
103	36	18
25	48	84
50	6	47
81	22	29
79	22	53
0	42	75
17	6	12
64	0	68
15	16	35
44	46	11
64	2	55
30	46	54
87	48	98
14	42	88
8	42	103
47	10	98
35	12	90
0	24	77
15	30	16
77	26	5
7	34	88
30	2	44
96	24	37
15	10	93
51	0	103
8	10	59
74	30	18
82	42	75
59	40	77
56	0	41
24	20	79
92	46	6
78	0	0
65	2	13
62	10	74
48	8	22
51	48	33
76	2	62
83	6	0
7	42	13
59	2	15
9	30	71
52	34	66
16	4	63
72	30	64
6	38	59
30	0	52
42	2	99
60	10	28
76	24	20
75	0	14
37	30	2
83	48	52
1	46	63
40	12	38
84	32	79
82	6	28
81	8	70
73	46	25
98	32	79
19	28	68
3	10	89
82	8	71
39	10	32
32	10	83
28	2	70
23	10	90
99	38	34
61	38	75
101	8	92
5	4	29
19	30	102
4	8	39
98	30	4
25	40	43
73	8	89
21	24	95
45	8	72
60	42	7
63	10	46
20	40	94
48	22	49
31	32	19
82	30	69
53	32	12
100	6	54
5	24	84
25	16	0
92	38	9
32	2	45
55	6	38
15	42	96
90	36	27
40	26	101
78	30	19
16	10	0
101	34	0
79	26	97
17	20	3
65	48	20
81	10	90
9	10	68
32	10	102
68	10	56
91	12	87
97	10	70
39	42	59
8	16	39
22	32	36
76	36	91
92	40	49
58	42	98
40	10	51
16	36	102
39	20	96
103	2	11
62	34	20
56	24	70
63	10	50
28	2	73
72	36	76
44	10	37
97	42	36
102	0	38
78	0	38
84	36	24
86	0	27
62	24	87
58	26	86
98	2	45
93	12	37
60	10	64
40	32	21
28	30	35
44	26	3
58	46	49
10	42	103
57	42	80
83	22	94
18	36	91
95	0	80
43	22	47
62	2	31
24	34	101
76	6	70
18	26	97
55	46	101
16	0	84
65	34	24
54	46	6
49	10	74
35	0	93
82	22	53
13	8	11
87	12	41
24	42	64
35	46	81
82	16	100
71	24	11
17	16	59
17	42	36
11	16	31
99	0	21
44	28	91
43	22	81
53	46	97
7	48	16
74	0	84
61	22	39
42	22	32
95	0	4
48	24	51
41	2	60
45	10	48
9	12	16
103	26	43
61	22	86
56	24	86
8	8	9
28	36	58
50	32	17
85	24	58
71	2	82
94	6	22
95	30	41
51	12	26
40	16	100
67	2	5
75	30	87
78	46	101
73	46	101
96	22	1
51	12	58
33	10	62
74	46	29
12	6	92
25	12	100
95	30	103
93	0	90
71	26	13
2	42	78
7	48	66
27	10	10
72	12	65
8	8	51
101	10	28
90	10	48
80	22	31
77	12	17
89	34	10
94	30	93
22	12	64
54	44	39
0	48	43
45	8	11
43	4	76
30	6	83
53	10	20
29	36	41
57	10	54
65	6	54
88	6	18
0	34	97
22	46	45
46	20	67
53	10	72
32	26	61
27	10	58
62	42	64
46	16	98
63	48	42
57	32	17
68	42	80
3	4	84
22	46	101
47	32	33
26	10	18
55	38	40
44	22	47
99	22	32
31	8	71
95	8	44
19	20	72
101	6	8
9	34	53
57	16	41
88	22	46
89	0	14
81	16	74
81	32	56
94	38	96
34	46	70
47	40	54
26	0	100
20	30	80
36	10	15
44	4	14
53	30	91
62	8	5
101	10	64
20	10	52
52	10	77
11	30	88
20	16	71
25	46	75
94	6	28
11	12	87
57	16	72
31	10	9
21	42	51
48	6	44
68	6	85
36	8	9
84	36	27
17	46	46
26	10	94
65	26	40
43	8	30
95	42	73
82	0	23
54	16	64
47	42	43
70	46	97
67	6	78
21	8	72
54	30	2
26	46	62
93	12	7
64	0	50
73	4	39
90	42	66
63	26	89
15	2	1
78	46	32
8	24	96
56	22	13
42	30	24
100	30	24
3	4	60
5	4	57
90	10	73
22	12	80
73	8	28
30	4	40
40	30	93
1	46	99
62	10	8
9	24	48
21	8	32
46	20	61
73	32	26
77	32	76
89	26	54
62	2	82
41	30	48
20	46	96
6	8	53
46	40	92
95	38	70
14	34	72
77	10	73
98	6	36
42	46	31
74	30	24
10	20	9
90	8	97
100	8	34
23	46	77
18	4	68
51	22	34
55	8	88
40	16	91
88	10	20
58	28	23
14	32	100
74	42	25
59	22	53
2	36	65
74	12	37
93	22	60
62	10	66
91	10	28
101	12	84
67	10	66
76	6	81
94	2	31
0	34	103
5	32	90
9	24	64
77	26	82
48	6	94
103	42	74
57	42	55
70	10	20
19	48	34
10	42	77
0	42	6
25	10	28
29	16	11
94	26	25
31	16	92
69	2	54
23	34	71
91	42	12
42	32	64
59	30	103
93	26	53
11	0	33
37	26	39
34	30	64
89	0	2
15	8	57
53	12	52
46	38	85
48	32	8
9	40	75
47	34	66
70	46	9
11	46	53
69	34	96
66	2	51
0	42	73
9	10	2
5	22	39
35	0	37
54	42	34
57	2	49
57	42	53
46	42	28
80	0	27
100	46	44
65	42	9
4	42	18
80	32	58
56	42	34
84	48	98
8	46	46
56	12	36
80	10	25
75	10	20
28	42	14
88	12	80
41	34	76
92	46	39
42	10	44
72	34	31
40	10	74
28	10	41
84	42	74
25	46	85
87	24	5
11	46	81
66	10	15
58	6	3
24	10	69
76	26	77
41	6	66
85	42	94
81	30	41
8	2	99
51	12	37
10	30	48
31	40	97
22	4	52
23	32	93
23	42	67
76	2	82
100	8	103
95	12	79
69	42	32
41	36	68
21	42	36
37	42	20
38	36	100
76	8	71
57	46	13
60	38	66
19	46	15
60	8	91
48	46	13
84	2	60
95	42	64
27	24	32
19	10	81
56	0	84
71	46	10
50	10	26
97	10	48
74	26	55
41	8	32
88	46	13
48	30	35
97	10	89
3	30	23
16	12	93
15	10	99
103	46	55
46	42	47
37	26	73
19	6	99
94	42	83
76	10	74
64	10	98
26	16	39
60	10	48
4	10	92
6	8	23
16	10	14
44	30	56
52	0	30
78	0	14
94	26	13
11	22	63
16	34	4
22	46	77
97	48	34
31	42	89
46	20	5
24	42	78
102	6	1
95	40	77
35	26	44
29	16	35
43	0	88
11	34	27
12	2	51
87	26	15
96	12	48
17	48	34
60	10	81
72	46	6
42	10	30
21	4	100
59	16	60
74	32	78
43	24	98
7	34	20
95	16	32
78	10	98
103	12	72
31	42	86
82	4	1
92	24	79
21	8	101
21	30	48
28	0	24
13	30	76
25	22	51
0	2	15
44	4	15
62	34	60
94	8	71
49	8	14
32	16	46
20	34	50
50	42	73
50	10	74
58	46	43
98	46	86
34	34	38
36	8	51
88	30	35
87	4	100
65	48	25
102	30	72
15	42	88
82	8	94
0	42	89
13	42	16
102	30	103
85	8	89
24	42	89
40	32	65
67	6	28
23	30	87
4	6	0
67	10	51
5	6	64
17	46	89
19	6	42
9	26	85
21	36	14
28	6	79
77	10	78
1	16	97
73	0	27
76	46	54
98	32	76
58	10	94
64	30	90
41	12	17
56	10	79
61	2	82
34	46	75
38	10	56
60	10	70
73	22	1
68	24	60
98	26	5
3	34	27
17	6	10
72	12	91
47	12	80
66	38	60
70	6	76
68	42	55
28	6	44
63	42	103
84	8	65
57	42	81
95	2	29
7	8	33
43	4	31
22	24	74
23	12	4
103	0	26
64	46	3
65	2	11
3	46	86
31	32	17
102	30	84
28	4	53
74	26	89
44	10	9
10	42	11
47	2	39
6	10	103
48	22	29
5	32	72
31	42	28
91	24	67
20	4	32
89	38	5
46	20	82
80	2	86
69	34	64
58	28	88
99	46	61
21	10	6
34	48	77
98	26	67
5	22	53
101	34	24
58	42	72
36	24	75
9	10	50
41	10	47
68	34	103
80	0	24
69	34	83
70	30	16
66	4	12
26	8	93
9	24	22
55	10	11
80	6	71
100	16	40
85	8	55
98	12	103
52	42	94
98	2	3
38	34	72
12	26	53
42	46	57
93	12	36
31	12	68
53	22	29
62	24	65
41	42	51
6	32	12
62	30	33
81	8	88
94	4	57
15	16	32
103	12	87
52	8	6
5	16	60
103	46	86
73	10	17
17	48	20
99	34	23
7	42	77
84	8	13
100	16	30
15	16	103
31	42	88
78	22	15
46	42	6
51	0	35
38	42	6
74	46	5
94	4	1
79	36	35
99	46	5
46	42	64
6	38	95
67	30	98
21	10	86
2	20	76
14	10	33
57	20	67
55	12	28
102	10	41
66	6	41
34	34	14
32	42	66
71	26	97
103	34	50
79	22	39
7	34	55
24	2	46
30	2	46
53	46	60
38	6	55
64	6	18
29	42	22
34	46	39
82	2	5
57	38	85
0	34	72
72	2	34
2	30	16
51	42	25
75	2	47
50	6	83
13	24	14
4	42	59
70	46	32
19	30	48
84	42	16
87	0	69
44	4	2
22	2	85
23	2	70
54	42	77
58	24	89
16	0	103
10	20	99
33	30	2
17	10	86
49	42	88
54	2	63
60	10	53
90	8	11
92	40	40
33	42	11
45	34	50
95	22	85
90	8	91
0	4	79
47	30	19
69	42	72
20	0	69
44	22	86
57	30	87
18	26	25
45	16	29
93	26	70
20	16	79
67	10	99
64	22	57
80	30	103
99	10	1
69	34	73
97	46	81
102	6	71
75	2	85
10	46	1
88	22	62
22	46	97
42	32	78
66	30	83
38	4	82
22	30	100
96	24	36
12	8	42
14	20	61
90	46	82
33	42	32
47	8	75
77	8	35
12	10	94
19	24	43
35	10	96
100	46	5
42	26	96
46	10	99
2	42	81
81	46	60
13	10	48
89	12	88
87	30	79
102	46	11
53	46	77
28	36	12
77	42	37
4	42	94
77	20	20
56	30	2
19	6	26
39	10	90
13	46	44
102	32	58
65	34	46
91	42	66
29	6	83
48	22	57
29	8	38
48	2	73
93	0	17
78	22	29
27	36	21
66	42	20
11	30	52
20	26	61
28	4	4
71	4	27
36	8	93
49	42	81
58	12	12
31	24	100
0	4	18
94	16	17
43	24	72
68	10	99
20	0	26
23	24	54
41	26	62
79	10	74
16	22	13
8	46	29
0	4	61
12	22	32
64	26	74
72	42	42
16	46	49
91	2	3
99	8	16
23	26	63
37	22	60
1	16	34
11	46	85
67	34	41
17	30	48
69	46	31
50	36	90
82	46	25
36	10	68
65	24	44
78	26	74
49	10	99
31	8	94
98	16	15
78	12	48
82	4	68
65	46	85
30	34	91
92	40	29
37	30	71
87	10	55
37	22	92
56	22	60
6	32	7
86	10	35
80	12	78
2	34	92
13	24	2
52	4	89
65	24	31
45	10	6
17	30	28
35	16	49
13	46	82
14	10	54
48	10	100
86	46	34
41	16	57
3	10	75
38	10	69
2	10	8
6	8	78
45	4	17
27	34	45
16	2	99
16	10	46
51	30	83
81	38	94
90	8	72
5	4	46
17	42	66
3	30	80
13	12	84
65	0	7
0	10	37
74	12	26
9	0	21
44	32	98
47	12	52
69	24	85
38	42	102
60	10	86
61	30	58
99	22	13
89	34	33
42	10	76
62	24	84
102	6	40
60	42	8
71	6	28
40	22	85
67	2	31
91	10	6
67	22	86
18	20	30
13	42	51
97	0	33
98	26	94
77	24	68
64	30	91
3	46	81
28	46	45
68	20	82
0	42	102
75	22	57
54	4	37
65	4	100
68	10	8
77	8	91
28	30	72
13	8	87
102	22	29
46	6	52
61	46	54
28	6	18
47	22	49
14	42	6
101	4	100
68	8	38
30	22	73
39	40	10
80	6	46
18	36	100
0	2	29
23	8	28
22	4	39
16	22	34
58	2	74
75	34	69
102	32	12
68	10	74
43	36	65
101	24	27
7	34	83
86	30	93
61	10	66
35	42	16
11	42	9
46	16	41
79	36	72
7	42	45
1	46	74
73	38	82
95	42	28
42	42	20
27	2	49
65	12	103
93	30	0
12	12	37
82	16	72
63	10	79
27	20	71
47	0	2
89	6	18
64	22	1
86	42	40
32	10	85
4	4	48
5	22	85
24	34	11
65	12	35
50	36	91
60	4	103
86	6	24
1	42	73
70	2	53
78	8	75
30	48	57
9	10	27
78	30	17
95	42	55
54	8	12
34	46	96
67	4	1
35	2	77
23	30	41
23	10	20
24	24	32
80	10	92
52	8	86
43	24	21
35	36	71
3	10	96
44	8	94
3	38	9
82	8	62
78	12	28
8	46	31
58	22	77
30	48	50
66	10	68
91	42	93
40	40	34
89	2	75
23	42	59
62	42	102
67	26	13
19	24	61
17	8	87
46	30	21
41	42	99
92	30	23
86	42	59
60	24	0
64	6	5
27	42	73
40	30	12
98	4	17
95	12	76
83	30	88
18	30	12
59	10	9
94	16	45
69	34	102
27	32	100
24	42	55
5	4	24
91	6	37
51	46	44
25	4	17
30	48	38
87	26	29
67	32	87
73	38	44
92	10	28
28	8	102
42	0	41
12	10	44
5	10	74
79	6	73
64	16	63
102	6	5
75	2	96
30	32	98
42	30	38
60	10	75
38	42	28
3	8	103
53	0	38
47	42	79
102	36	37
52	30	72
75	30	100
58	42	11
26	10	76
3	0	7
37	12	36
64	30	65
7	24	86
71	26	77
52	42	31
78	10	11
54	4	74
37	6	32
44	6	78
35	10	78
16	46	5
2	16	32
51	2	99
59	0	23
67	2	61
39	22	57
31	8	40
71	24	20
47	22	57
39	46	60
48	42	30
88	32	36
1	16	101
22	6	94
53	34	99
12	32	80
18	32	98
27	10	54
96	0	38
6	38	5
74	32	22
41	42	9
15	10	69
34	10	4
0	42	55
65	34	29
5	6	78
13	10	89
70	2	73
59	30	36
62	10	37
91	30	52
46	26	20
48	6	40
31	10	74
67	16	91
14	46	51
97	8	72
75	6	18
12	12	8
26	24	73
37	46	31
68	2	1
2	20	44
74	46	61
36	36	78
85	32	36
63	10	49
31	10	8
35	24	62
85	24	12
61	0	4
39	20	64
6	40	66
20	30	88
99	0	91
43	4	94
30	16	60
69	30	2
10	46	31
42	32	23
50	6	4
80	10	35
35	34	14
35	24	94
99	48	33
38	6	4
55	12	4
28	46	97
88	6	82
96	12	78
0	36	87
12	12	36
13	10	85
57	42	73
36	8	26
75	38	94
13	42	35
32	10	22
65	6	8
37	30	0
78	24	9
77	26	44
56	10	71
1	42	86
31	12	27
69	34	28
12	10	40
24	20	5
89	12	23
63	16	73
77	38	54
11	46	67
84	10	89
82	20	43
56	10	18
15	30	36
13	8	32
14	42	85
90	2	60
13	48	98
44	10	33
92	40	15
97	8	103
99	0	87
72	30	88
34	40	40
97	24	14
83	26	9
85	16	74
23	30	21
97	38	42
62	8	61
85	0	24
24	10	99
50	24	32
38	10	10
40	6	78
12	24	73
64	22	31
51	4	54
89	22	31
19	10	52
80	12	4
25	16	24
67	38	70
61	12	38
96	10	34
65	30	48
15	16	11
25	16	50
24	32	19
97	40	62
39	6	27
76	8	40
74	30	76
53	30	19
17	10	4
57	42	18
23	32	37
48	12	28
19	24	40
5	2	82
33	18	71
40	26	77
28	36	26
70	0	68
30	0	28
89	2	86
51	10	24
41	34	5
73	8	55
101	8	91
36	4	99
20	10	39
74	26	73
73	26	42
21	36	76
6	38	44
48	4	52
15	26	34
72	34	38
58	36	48
58	0	87
59	8	61
29	4	79
84	48	34
69	12	33
39	46	34
33	48	66
19	8	13
103	36	79
42	48	33
60	10	80
46	8	0
17	46	15
25	34	14
47	22	15
82	8	79
54	42	90
76	32	90
54	10	30
56	2	99
22	30	17
43	22	70
97	0	69
51	34	23
45	46	47
33	42	34
99	46	94
50	6	23
82	6	102
7	34	96
37	0	17
14	30	16
92	42	99
50	34	72
4	34	99
99	32	88
70	34	33
23	22	49
24	6	23
86	38	62
95	20	43
38	24	13
57	42	96
51	16	81
9	30	76
10	42	84
72	2	77
41	34	44
49	46	66
99	46	67
46	42	23
64	0	24
66	10	30
30	30	37
30	4	62
22	36	16
44	8	18
70	32	8
29	28	13
23	36	69
28	30	103
96	34	33
15	16	25
59	6	22
3	40	31
46	34	65
15	2	49
43	22	53
10	10	62
16	36	78
67	46	29
82	6	88
94	4	29
85	42	76
24	6	86
27	10	56
73	10	87
24	20	18
89	46	66
89	6	79
38	42	64
79	30	33
84	30	83
9	0	90
8	10	40
42	26	6
59	42	83
27	12	14
66	10	0
98	26	62
7	42	91
40	4	27
26	6	19
103	30	28
40	2	61
25	16	29
34	2	3
76	12	38
47	42	82
12	6	17
20	48	60
26	46	31
54	12	84
11	12	84
62	2	46
51	24	78
42	8	16
27	24	77
101	2	13
27	20	79
75	26	54
12	30	30
95	10	9
79	32	84
64	10	25
101	8	32
60	22	63
12	30	27
36	4	74
93	0	84
54	40	55
57	8	62
68	36	87
23	36	56
22	24	51
19	10	47
85	4	81
29	10	99
89	30	84
60	34	18
11	2	13
52	6	57
9	0	72
77	8	3
12	8	58
89	2	47
50	24	3
53	42	94
77	26	49
27	46	9
16	10	1
38	42	47
28	22	31
35	10	22
2	36	84
90	8	77
15	26	97
5	6	28
51	30	71
88	0	2
12	46	57
0	32	100
39	10	98
27	12	24
62	16	100
36	26	86
11	30	64
1	42	53
80	12	88
92	12	72
46	4	71
69	42	87
69	34	88
57	42	86
50	42	80
56	10	59
36	34	83
50	34	97
93	0	41
98	0	16
64	30	72
11	42	66
69	34	48
16	0	21
41	36	24
55	38	67
21	26	15
32	10	78
55	12	102
10	30	68
62	12	24
91	10	39
52	20	102
86	42	44
34	30	88
0	6	4
73	4	4
13	42	26
90	24	31
80	4	83
69	42	98
69	48	66
28	46	77
61	10	9
60	34	95
57	20	61
40	8	62
34	4	90
48	22	31
39	34	16
3	34	2
65	30	52
91	42	74
52	36	93
40	6	64
7	8	8
25	10	83
99	12	37
7	6	19
73	10	103
87	48	20
53	46	13
75	6	79
91	42	99
28	22	15
57	10	69
46	42	86
12	30	2
21	36	79
13	0	33
72	2	101
53	20	73
87	4	3
26	28	64
25	46	86
28	6	94
34	40	82
64	10	103
29	10	58
72	12	87
39	20	55
27	10	26
60	4	97
9	40	89
25	30	52
54	42	35
100	46	29
26	30	24
48	0	14
77	2	60
36	26	53
59	30	35
96	40	9
36	10	2
10	42	101
66	46	59
45	42	74
99	30	18
16	0	65
4	4	6
82	4	49
21	6	54
101	42	56
92	46	85
43	16	100
1	8	27
23	10	83
4	8	53
1	10	58
59	26	97
80	32	8
2	36	19
97	30	79
50	24	13
92	8	25
49	8	38
2	6	52
93	46	29
58	26	47
77	8	45
4	42	82
83	6	1
12	10	76
51	22	45
66	42	98
42	32	102
16	30	79
65	4	41
61	2	95
80	2	55
93	8	99
100	30	14
70	4	52
43	4	1
3	20	34
49	42	55
58	36	4
36	28	80
46	4	76
36	6	13
95	30	69
35	24	40
82	32	84
100	20	92
82	46	10
24	24	77
35	2	45
53	8	75
13	24	27
72	42	66
51	0	21
44	8	76
71	10	66
50	42	6
75	32	12
0	42	39
78	42	43
42	22	3
100	20	97
85	10	11
81	22	15
43	0	4
35	32	30
12	48	33
8	8	12
33	42	41
38	12	68
50	8	2
52	6	68
6	8	28
92	38	51
79	6	78
39	42	71
5	38	55
70	2	85
43	10	10
49	6	4
19	20	45
56	22	32
75	32	26
14	6	52
15	20	5
96	10	11
20	46	81
76	6	28
90	22	10
41	42	7
81	10	101
79	8	71
29	4	18
82	30	33
87	30	76
102	46	92
41	42	37
8	10	82
90	46	47
3	2	45
95	42	48
94	4	2
22	4	81
31	2	29
80	10	32
18	6	102
17	8	84
63	48	58
2	10	42
59	16	91
16	24	96
14	42	70
26	10	79
7	48	74
5	26	97
36	0	17
26	42	98
31	10	51
55	0	14
3	38	66
46	46	66
50	10	69
48	32	93
32	16	79
41	34	61
73	26	54
103	46	53
29	46	51
83	4	22
55	0	24
99	22	60
4	10	77
87	10	96
96	10	56
92	6	16
97	20	20
56	30	68
48	46	45
24	10	8
100	42	12
71	2	40
11	0	26
9	46	94
50	42	48
84	42	66
20	34	49
24	8	14
34	30	22
87	42	93
35	6	10
54	42	11
26	42	34
50	20	18
81	4	89
23	6	0
100	6	63
68	6	83
28	10	19
57	8	31
18	10	37
99	10	14
44	4	50
76	10	51
78	30	72
98	0	12
72	34	2
18	4	15
100	10	83
81	12	4
20	0	36
15	20	67
22	2	40
63	48	37
7	42	90
49	40	60
36	0	84
40	12	79
91	10	48
43	0	78
71	22	47
39	30	12
21	42	42
37	2	74
25	46	95
94	38	55
16	22	60
5	38	75
73	42	30
101	30	83
3	24	24
85	24	8
22	22	62
48	34	69
72	2	13
73	32	93
8	24	89
25	46	53
74	0	90
13	24	38
47	22	31
32	38	54
39	16	69
34	30	28
11	32	30
66	2	99
101	0	69
47	34	16
98	34	14
16	6	92
100	8	60
101	46	67
77	32	79
25	8	20
12	26	96
8	28	64
77	10	6
97	42	9
49	16	98
45	38	10
53	30	37
85	26	51
93	6	97
25	26	94
67	2	44
15	32	17
0	32	17
66	22	32
75	34	7
61	10	33
73	4	53
83	4	6
18	6	96
26	10	5
100	42	58
74	34	53
94	24	65
45	42	9
63	26	85
103	30	48
96	30	35
33	18	38
34	38	74
98	22	54
37	2	66
78	8	89
99	22	3
42	26	47
54	40	47
30	4	71
27	42	20
3	4	21
52	10	98
66	0	84
38	42	75
31	8	82
94	6	88
85	8	88
17	10	81
21	42	93
85	0	27
81	2	39
45	26	61
33	48	26
38	32	91
89	0	68
101	46	59
83	4	55
18	24	20
83	4	80
63	20	16
66	46	82
75	2	53
56	12	37
43	4	57
93	42	98
54	30	50
51	34	52
13	10	18
46	30	16
27	34	98
22	10	20
96	22	57
58	0	91
82	30	98
17	20	103
4	46	20
60	4	34
80	24	9
71	4	46
94	8	18
61	22	53
36	46	62
13	20	34
7	42	21
42	8	93
98	22	10
97	8	32
65	10	53
68	8	98
39	10	13
35	22	54
63	30	78
55	22	95
21	30	28
93	6	77
10	42	20
69	24	47
21	48	98
78	0	68
87	0	33
56	46	1
88	22	49
66	10	24
66	42	25
4	4	102
23	46	97
93	36	4
27	20	76
99	32	22
39	42	18
83	30	98
8	0	41
97	46	5
41	20	101
68	8	62
88	26	54
86	10	103
75	46	3
14	42	80
2	42	48
76	36	72
97	38	63
9	12	93
86	8	88
89	46	92
71	6	55
4	36	7
56	0	87
20	0	37
92	34	27
23	24	10
3	4	41
73	4	83
44	4	68
45	34	0
86	2	55
45	10	96
57	16	35
33	34	22
61	8	35
44	4	27
99	26	6
102	26	42
35	4	19
100	46	53
67	38	73
74	34	80
71	20	43
58	42	20
74	30	2
11	4	19
81	30	100
64	32	8
92	26	1
2	34	25
88	10	25
11	24	71
42	46	49
5	8	30
13	10	86
88	32	37
85	46	13
53	6	50
97	16	1
12	0	91
103	12	21
14	42	48
15	30	84
10	26	89
2	42	23
40	32	87
38	2	29
37	46	94
3	46	6
75	10	98
20	34	14
25	46	6
14	34	45
99	12	8
102	8	6
5	38	70
12	22	60
75	22	1
76	22	86
30	34	17
52	42	38
12	2	9
83	48	76
15	8	14
82	34	41
30	0	88
78	26	54
30	34	90
23	8	98
52	36	12
34	48	41
18	10	9
19	8	84
86	8	23
60	42	12
29	4	40
66	10	57
1	46	66
12	46	46
61	4	24
100	20	87
92	24	68
47	8	86
3	40	40
7	30	27
59	30	93
96	20	83
21	26	29
65	34	30
74	34	86
33	6	100
31	16	90
16	10	30
53	8	6
41	10	39
17	28	50
80	42	95
32	16	95
2	16	13
75	26	10
53	40	10
91	46	81
87	10	53
14	2	15
75	8	89
42	2	10
23	32	12
0	10	12
14	42	23
87	48	25
4	4	64
27	42	81
70	0	50
32	0	33
75	22	49
85	30	65
55	46	92
81	10	92
51	30	79
89	40	42
87	24	62
50	10	56
64	22	95
95	4	2
74	46	44
31	0	52
77	12	19
26	0	21
10	8	37
70	10	103
31	38	85
45	2	101
7	42	3
95	2	57
29	2	49
36	8	16
48	12	80
52	12	4
4	42	5
34	34	27
12	46	43
75	38	5
17	6	8
67	6	48
49	42	28
64	6	79
87	10	75
33	42	35
4	42	76
98	10	83
17	20	45
87	36	14
42	42	35
39	12	52
29	4	76
28	12	88
81	42	44
86	30	65
65	32	71
49	42	53
51	46	61
61	28	98
35	0	8
88	2	73
68	10	69
78	30	84
56	6	17
80	6	79
38	30	36
13	6	36
79	12	38
60	8	90
63	10	76
8	0	100
61	46	63
44	30	26
101	4	41
22	0	24
12	6	3
32	8	103
100	26	1
27	42	102
36	6	98
63	30	14
67	24	65
32	48	19
75	4	4
24	24	92
80	10	97
35	46	6
58	46	15
75	46	66
31	24	65
82	4	15
47	30	37
97	24	38
9	46	82
46	42	89
66	0	65
72	34	14
42	10	5
53	42	59
68	32	17
85	12	23
81	42	5
24	10	12
45	24	24
2	16	60
71	34	60
53	42	67
60	10	89
60	42	56
30	34	103
43	10	74
99	32	102
45	34	68
16	26	85
8	30	68
90	0	33
90	16	57
77	0	69
9	42	20
94	10	99
11	12	72
92	30	80
8	30	24
92	46	81
76	30	93
82	8	95
73	8	64
70	6	71
103	36	76
65	2	77
16	22	11
0	10	26
33	30	50
15	46	66
64	8	22
85	42	40
26	36	48
8	0	87
73	8	75
6	10	52
92	40	43
77	12	65
23	10	76
91	16	29
44	38	96
51	12	8
78	34	33
89	2	53
8	24	53
88	46	32
102	32	93
101	22	10
62	2	94
86	6	0
95	16	60
54	16	22
39	10	72
83	30	35
47	24	56
46	10	56
53	40	54
30	34	41
25	0	12
55	22	31
2	34	72
6	30	17
76	10	9
90	36	38
20	34	15
27	34	72
72	0	26
67	32	84
16	10	29
29	42	80
38	36	41
69	22	60
5	24	17
80	2	47
26	16	53
23	6	62
63	10	31
91	6	92
77	24	24
2	42	43
25	10	55
61	4	14
99	10	30
19	16	95
59	12	79
46	42	96
53	46	32
0	42	22
67	4	15
101	46	94
6	32	8
48	0	68
17	36	2
9	0	65
27	36	19
33	12	7
65	30	80
103	46	70
25	2	11
92	10	22
51	46	95
13	46	94
61	22	81
98	22	51
43	0	52
51	46	62
61	2	59
101	10	70
74	46	31
67	4	68
20	46	86
20	34	68
40	16	17
89	30	21
97	30	71
15	2	29
101	12	17
86	8	70
62	8	44
29	10	7
19	6	63
90	4	17
32	32	71
13	42	74
6	32	58
70	4	4
13	10	73
63	22	43
63	10	95
54	6	91
50	46	63
72	16	1
25	0	16
64	24	9
47	46	97
58	2	54
13	46	67
81	26	10
22	0	0
33	26	47
18	0	4
54	4	9
33	10	31
32	42	9
30	34	65
37	46	1
102	2	85
65	6	42
22	30	87
9	0	41
67	4	50
72	12	84
81	42	61
55	0	0
94	30	26
17	30	102
33	48	56
33	8	69
22	32	37
97	38	54
56	8	93
77	22	10
86	10	25
53	8	70
83	10	77
103	2	13
25	22	66
61	0	80
17	24	44
64	8	75
11	2	101
89	12	102
32	42	51
50	24	92
101	10	88
98	48	97
34	26	44
86	32	26
12	36	4
50	8	15
37	26	81
12	48	63
84	36	2
15	42	64
64	30	41
11	40	62
23	0	27
24	20	61
54	28	28
102	8	70
16	12	58
103	10	52
81	8	73
46	48	43
71	16	19
60	4	35
36	2	54
9	42	25
47	10	20
35	16	29
52	34	9
76	30	37
24	20	67
30	46	42
30	48	15
46	16	103
83	4	75
63	16	96
92	22	10
32	48	17
95	24	87
38	12	0
59	30	8
28	42	43
98	0	7
86	10	100
74	46	59
6	10	11
69	8	8
5	4	1
63	10	68
89	4	4
98	48	77
39	6	0
83	22	44
62	10	99
12	24	89
63	10	0
57	26	20
48	10	60
5	24	87
80	32	56
57	32	100
17	46	73
79	6	28
41	16	15
73	22	59
14	2	57
50	6	52
44	30	7
98	30	64
41	12	19
48	10	84
28	0	68
79	6	22
60	16	5
57	10	7
12	26	70
32	16	57
95	26	25
67	2	94
32	16	94
101	46	95
49	40	32
38	34	98
54	46	15
99	34	53
54	22	60
27	36	41
43	2	59
75	22	62
72	46	81
46	8	59
40	10	99
25	46	44
84	48	25
82	4	57
89	30	17
30	4	49
47	32	12
11	12	65
44	30	69
7	42	98
83	22	61
81	4	102
90	16	15
88	6	71
17	28	24
58	30	50
23	26	42
5	30	58
12	42	25
91	36	79
27	20	95
97	6	12
2	10	99
16	36	48
1	10	10
63	42	72
103	16	29
27	6	39
39	20	6
90	6	37
34	0	16
19	28	38
101	10	53
28	8	78
24	10	42
13	42	58
67	10	16
66	10	46
38	12	27
92	12	90
87	42	36
45	10	73
81	16	99
93	10	76
73	10	11
19	10	80
47	46	77
1	16	91
64	42	30
4	24	42
4	6	27
29	16	25
93	42	11
103	30	88
5	6	22
102	26	10
6	10	25
46	42	78
8	6	19
89	38	94
59	30	69
5	4	0
55	32	8
0	32	19
35	0	7
44	10	74
37	46	46
56	0	91
69	10	61
40	20	43
1	16	20
29	16	32
103	16	49
61	28	65
49	10	10
47	12	84
9	0	19
99	0	103
41	10	70
29	26	20
53	30	17
46	46	13
73	34	69
91	16	61
15	2	46
90	30	71
61	38	55
78	30	90
20	46	70
15	8	38
64	30	21
96	0	68
48	8	96
78	42	30
70	30	100
69	42	90
59	26	3
25	12	103
36	22	60
57	16	98
96	32	26
7	42	103
87	10	47
81	38	1
45	48	41
74	22	92
19	36	18
46	46	63
40	26	92
82	4	2
42	16	83
6	16	16
53	30	36
26	22	60
66	4	54
2	34	103
15	10	42
36	16	6
101	10	22
38	2	1
39	20	28
82	4	46
76	4	68
49	8	29
32	38	63
42	6	19
85	6	68
44	8	30
2	2	29
70	12	48
18	2	82
70	42	30
24	2	1
61	32	90
103	34	27
62	0	4
15	26	77
40	8	71
0	8	38
17	46	57
56	32	64
103	26	67
1	10	36
15	42	39
5	32	91
91	12	103
40	2	75
78	22	1
97	12	90
77	10	88
46	30	84
1	24	21
10	24	52
80	6	1
31	34	11
56	4	66
88	32	26
7	8	58
26	2	9
17	42	16
10	10	79
85	16	63
7	8	26
87	30	18
97	46	40
59	32	98
55	26	66
22	6	82
60	10	4
8	8	76
33	34	75
49	8	57
83	6	24
43	4	71
39	10	92
89	46	101
38	12	14
83	6	50
15	16	90
27	20	94
14	20	95
102	36	16
59	2	67
25	30	80
8	12	37
92	20	20
70	10	25
79	34	41
30	34	87
80	2	81
49	8	59
49	10	8
42	30	50
52	46	34
74	46	57
21	32	71
85	6	50
32	12	35
7	2	63
24	36	87
99	46	49
50	10	10
30	26	20
71	6	6
28	26	10
18	32	21
79	6	55
37	30	24
88	30	19
57	16	103
60	10	73
0	8	27
80	42	44
3	10	78
33	42	87
70	12	28
50	46	9
26	42	25
41	22	63
56	46	57
63	10	24
75	10	34
51	10	38
7	42	87
61	30	56
79	6	102
21	42	66
33	42	84
102	42	91
96	46	97
50	8	57
60	10	6
23	34	9
80	34	74
2	42	102
10	30	50
3	2	77
46	40	32
85	46	3
100	46	46
51	8	9
6	6	76
100	6	66
18	12	79
79	6	96
20	26	67
79	8	95
10	46	53
26	0	84
77	32	18
102	6	76
62	10	58
71	30	103
68	42	73
78	6	61
94	6	102
6	8	81
85	30	91
39	42	66
96	6	79
59	42	102
0	42	28
1	8	14
11	46	96
10	40	85
39	20	22
98	22	99
93	24	89
16	22	77
94	38	81
76	22	85
59	46	42
89	24	12
67	34	60
54	10	31
8	24	75
78	30	35
93	34	102
82	32	87
44	30	12
73	16	33
10	8	42
69	46	46
98	24	43
86	8	64
46	8	2
53	2	47
57	16	3
41	12	100
44	10	16
89	30	103
5	26	3
12	42	20
32	10	47
98	22	42
54	32	4
47	8	53
47	42	61
18	2	67
70	46	45
46	20	40
81	12	52
25	22	54
101	8	77
94	10	16
10	46	86
95	42	96
96	46	92
9	24	80
11	26	59
68	4	76
32	16	68
83	46	34
61	28	84
27	6	4
53	8	78
73	38	67
3	6	58
0	46	66
1	20	40
51	34	47
29	10	42
8	12	69
11	46	75
70	30	84
77	26	94
99	46	59
81	6	71
52	36	58
53	10	45
26	26	75
35	30	23
14	42	55
64	12	28
47	2	55
41	8	90
66	46	62
70	2	81
10	10	43
52	20	28
0	6	23
51	12	16
46	16	72
7	30	18
5	38	89
98	36	24
62	10	16
18	46	54
19	8	97
87	10	22
57	10	74
70	10	11
44	12	38
52	42	59
87	8	103
84	10	22
30	10	33
90	42	42
67	6	102
18	2	95
74	46	15
40	4	2
80	10	34
72	36	18
83	22	31
36	10	95
24	8	95
28	46	92
29	26	101
21	2	60
1	8	50
25	2	34
99	2	42
5	10	99
4	42	79
20	34	62
57	20	44
50	34	34
24	20	94
89	2	70
56	8	58
4	34	74
16	42	98
8	22	77
18	12	76
14	20	67
3	30	83
30	10	69
44	0	80
15	26	20
87	42	42
60	16	30
76	10	7
41	46	89
70	12	88
73	10	41
0	4	40
79	2	61
20	26	59
85	30	100
90	42	99
12	12	56
9	46	44
49	4	94
15	6	4
0	34	34
44	46	63
62	42	48
98	30	52
13	8	45
70	38	61
91	0	36
8	10	18
43	30	37
87	10	80
97	48	98
101	42	16
96	30	84
57	42	102
47	8	88
63	26	86
16	36	80
15	42	75
85	16	10
14	34	90
2	36	41
10	46	73
71	2	44
10	12	7
89	32	16
57	4	79
55	26	74
47	0	38
24	42	81
31	42	55
44	36	17
7	34	73
65	46	39
32	10	28
15	42	86
42	12	58
37	46	61
86	42	43
69	2	10
43	30	56
30	4	18
43	22	55
7	42	25
88	22	31
19	8	77
70	38	94
75	12	78
99	26	55
84	12	87
49	10	42
32	46	81
82	26	13
55	30	35
48	22	46
19	6	58
84	10	85
93	10	18
45	26	44
25	34	2
36	10	18
43	26	32
38	42	85
43	22	86
58	30	24
40	34	41
63	8	7
102	8	64
75	24	36
63	10	62
65	10	96
40	2	82
22	6	59
84	42	12
70	38	5
81	0	50
41	34	79
71	10	99
62	4	14
99	0	35
82	30	36
52	42	95
70	22	1
9	40	73
81	16	16
89	34	7
9	4	10
66	34	47
91	16	82
38	42	73
87	8	35
21	42	74
83	34	69
94	16	98
92	2	32
44	8	82
0	24	32
4	6	2
89	42	30
66	0	91
53	42	30
70	2	67
50	42	22
29	32	17
3	10	55
85	38	44
71	32	90
95	22	39
83	6	2
85	10	103
100	12	17
32	8	77
64	12	88
21	22	10
62	24	19
101	34	68
64	10	20
5	6	88
51	4	63
58	42	34
47	10	100
65	42	74
6	24	37
62	42	78
84	30	52
37	0	21
3	12	90
69	36	52
99	6	19
65	42	56
92	26	95
49	6	83
61	26	13
81	24	7
87	36	68
56	16	39
67	2	82
26	30	30
34	46	47
71	4	15
62	42	88
55	4	23
52	36	26
40	30	98
101	10	96
88	6	40
29	10	26
100	16	62
96	2	85
6	10	20
5	4	49
51	2	42
54	46	1
37	30	18
44	6	102
40	16	35
79	36	65
91	16	5
96	16	63
103	10	39
90	46	53
85	30	35
55	32	69
20	34	31
73	22	29
43	0	64
6	0	24
32	12	91
39	8	85
12	46	31
60	42	10
65	46	55
68	8	57
85	38	49
80	36	16
80	46	10
50	46	51
58	10	71
91	12	90
100	30	23
73	10	60
50	42	70
77	0	7
92	2	45
81	30	19
86	12	80
55	0	68
38	42	83
65	24	1
60	34	67
45	22	63
44	8	67
65	42	37
82	0	52
32	12	21
62	42	96
13	46	5
57	42	22
72	26	5
10	8	26
101	42	74
85	0	14
55	46	34
80	2	75
65	30	4
90	42	56
67	8	95
19	8	41
73	8	78
41	30	22
23	34	66
14	20	71
5	4	50
88	10	98
85	2	6
2	42	80
4	48	83
70	12	78
80	6	40
90	46	61
57	48	43
82	26	34
9	40	96
96	40	66
11	48	41
5	22	47
57	10	12
50	42	75
50	42	81
58	22	60
43	48	27
95	20	30
60	10	88
77	48	98
102	4	80
26	0	41
80	6	82
58	2	99
34	24	18
22	36	58
74	46	49
54	32	52
29	42	75
4	10	84
64	30	84
85	24	56
62	40	34
78	30	91
32	16	49
24	42	88
82	6	80
89	10	20
103	22	42
73	46	3
54	12	7
3	10	28
94	32	90
2	6	83
74	12	8
36	10	57
83	22	5
37	12	16
39	10	65
9	4	63
77	42	42
97	30	4
76	10	99
37	6	90
77	48	25
89	30	90
77	42	36
0	6	47
95	30	7
27	20	5
34	48	65
89	30	91
40	6	80
9	0	17
8	10	71
103	26	95
48	46	92
13	42	12
41	42	74
35	10	73
6	30	87
66	24	48
23	30	17
68	42	102
70	30	72
58	26	75
39	16	7
64	22	49
26	30	50
34	46	81
13	8	91
16	46	95
34	46	73
1	8	57
97	6	8
23	36	18
60	40	57
48	2	81
54	40	86
57	12	50
90	16	49
74	34	47
6	30	100
94	22	47
14	36	41
102	10	20
20	4	21
17	20	11
39	22	29
60	4	20
98	8	20
87	6	63
7	48	99
55	30	84
36	6	25
100	30	48
99	34	47
44	10	99
40	10	33
20	2	34
57	30	21
23	22	57
1	24	41
47	46	34
9	34	86
77	26	15
51	22	97
24	2	29
71	4	29
43	26	97
3	26	61
7	8	54
91	46	47
56	22	77
28	22	57
94	30	36
59	2	49
87	46	67
84	8	91
14	36	84
25	30	30
97	30	18
100	6	51
37	42	34
5	30	7
46	8	38
65	34	15
67	30	56
18	46	63
9	24	28
25	30	76
76	34	60
15	20	44
93	46	95
76	22	39
33	16	83
9	46	40
81	8	96
19	8	21
71	46	63
17	46	39
29	2	1
24	24	45
17	6	99
24	6	52
67	46	10
28	2	89
53	8	88
91	16	95
96	2	47
101	30	80
95	30	26
79	10	99
79	4	14
81	42	62
11	46	55
79	4	46
35	36	18
25	48	60
63	20	66
65	36	27
90	42	16
27	10	74
13	10	75
0	2	1
12	12	64
93	2	54
68	46	9
82	38	70
100	42	8
46	6	83
18	26	77
74	0	35
54	24	80
98	4	19
92	30	4
40	30	56
61	4	2
41	8	91
1	8	29
62	46	10
32	26	44
16	10	24
91	36	27
98	34	31
88	30	41
72	30	78
52	6	14
3	26	59
13	8	3
42	26	39
72	2	92
30	34	21
55	24	37
64	46	45
16	30	76
27	30	16
85	2	39
67	26	34
28	8	48
72	16	15
54	8	58
103	12	84
75	38	40
89	2	85
55	26	42
87	10	85
41	34	67
81	10	103
1	10	93
41	48	103
62	2	57
29	40	60
9	30	18
56	10	82
19	10	4
88	30	90
98	2	92
31	10	58
15	42	78
19	6	7
82	46	42
92	6	36
83	6	57
34	4	60
12	26	75
69	10	71
81	0	68
79	2	43
3	40	43
35	46	53
33	48	16
11	42	99
43	30	12
86	30	41
30	48	31
40	10	7
86	26	42
91	10	64
65	42	36
89	10	60
88	8	48
50	34	35
3	2	101
26	6	77
11	46	47
13	10	28
55	16	63
22	0	50
53	34	51
32	10	96
34	0	33
29	42	70
21	42	26
82	38	55
5	8	61
9	2	74
1	10	12
59	22	47
97	10	78
94	18	33
67	30	93
34	2	32
79	4	15
9	12	36
24	24	3
38	34	16
22	22	46
74	2	42
38	10	37
38	8	95
101	40	54
30	22	55
78	4	39
54	28	48
5	6	48
68	8	27
60	4	11
102	30	98
75	30	72
61	46	42
62	40	92
85	26	54
33	42	72
38	34	20
99	22	11
9	2	99
103	4	19
76	42	83
23	42	91
68	42	70
60	40	49
16	34	39
101	6	93
76	4	15
24	48	43
47	34	74
72	6	63
68	46	66
69	42	97
84	20	3
7	10	61
67	30	33
27	20	59
10	10	5
16	34	53
35	0	12
86	46	101
96	46	42
46	10	12
76	30	26
23	42	79
56	22	97
26	6	3
4	24	63
54	10	79
39	0	14
23	2	96
96	46	10
30	4	79
75	46	13
13	12	90
23	30	8
46	10	42
85	8	78
79	26	77
10	2	63
33	30	24
56	46	15
42	30	27
19	24	94
94	26	92
41	40	4
88	4	52
48	6	76
71	16	45
73	22	46
7	46	46
56	30	50
49	4	79
71	4	1
5	8	71
98	22	9
74	12	93
100	6	9
62	16	91
101	34	29
69	8	26
57	40	60
73	22	57
54	8	93
6	0	50
61	6	64
85	8	70
66	0	19
29	30	84
71	30	8
66	34	53
80	32	37
89	2	6
95	4	27
17	8	101
7	30	68
75	30	90
47	20	83
24	36	84
14	20	5
43	30	93
93	46	46
95	2	31
59	46	11
27	34	35
20	0	12
76	36	17
19	30	88
11	0	58
38	10	8
93	6	101
51	10	15
25	30	78
88	36	16
83	30	72
30	16	13
80	12	64
37	32	28
69	10	59
67	46	54
99	10	43
88	22	15
24	8	57
63	38	97
14	10	8
75	26	42
26	2	54
51	34	53
95	2	49
28	10	25
44	26	34
58	16	39
14	48	30
43	16	84
8	6	101
52	10	87
57	10	58
41	42	58
14	36	91
94	34	41
40	4	49
103	0	58
67	0	52
54	46	29
18	36	72
26	6	92
41	18	64
57	30	16
84	10	6
89	46	99
27	42	85
48	42	43
18	6	48
69	8	36
0	10	54
37	12	93
83	26	66
82	34	60
100	6	10
27	10	12
26	10	67
70	46	92
38	42	23
97	10	64
51	46	67
50	42	55
90	8	35
36	30	30
0	10	58
70	46	51
100	46	49
34	12	35
86	46	60
73	22	31
25	48	32
63	8	33
42	26	86
78	22	57
63	16	48
46	20	94
1	10	54
74	26	96
63	42	91
53	10	25
8	30	50
1	20	18
96	4	52
7	34	85
3	6	8
1	30	100
22	46	60
73	22	49
32	10	4
79	46	42
11	34	50
39	48	83
86	34	74
101	10	23
46	10	33
28	46	32
5	30	8
72	10	83
4	10	87
19	46	85
71	12	38
68	24	13
55	8	96
102	34	36
10	42	97
31	42	47
8	48	33
37	2	99
102	8	75
19	42	51
74	0	65
95	38	6
54	16	83
9	2	51
19	8	100
50	10	42
69	30	27
73	4	23
71	32	84
78	2	81
54	6	100
50	24	77
43	10	99
83	48	23
47	42	71
97	46	39
38	34	3
42	6	17
6	6	71
38	46	54
20	16	76
79	30	36
47	30	24
35	10	70
17	28	0
4	8	47
80	30	91
49	10	91
8	46	15
29	10	54
35	8	25
14	20	40
36	8	58
45	10	75
4	4	96
32	42	74
7	6	0
91	42	8
10	46	29
48	36	16
27	10	8
41	34	82
27	10	33
10	8	93
78	2	73
50	20	79
32	10	70
58	22	13
55	30	65
53	2	39
56	2	51
66	22	77
10	8	8
33	10	40
58	46	1
88	30	17
33	0	98
27	10	63
31	42	83
4	6	24
48	22	62
30	30	26
11	34	14
34	10	83
67	0	4
17	46	29
24	36	21
100	46	39
88	0	68
25	16	49
91	12	21
11	2	3
49	32	17
47	26	63
24	10	74
43	40	45
23	42	40
86	30	36
64	22	46
57	10	93
2	48	30
53	26	42
0	10	93
32	6	84
78	0	27
41	42	93
25	48	91
2	2	15
16	6	3
4	6	15
72	4	60
75	46	77
103	34	14
86	30	87
66	46	94
87	6	54
25	2	45
11	4	100
36	10	94
59	30	12
66	46	67
0	10	56
90	8	92
94	24	72
59	8	62
90	42	58
34	8	20
87	12	21
21	4	92
27	34	3
35	10	75
84	42	37
70	10	98
4	34	37
85	30	72
6	26	10
13	30	79
24	34	34
36	26	89
68	34	92
93	4	66
92	2	101
88	6	44
87	30	28
2	20	5
86	2	53
70	2	86
24	34	65
34	4	100
91	16	94
40	22	86
0	34	45
38	8	18
48	4	83
4	36	56
15	6	52
45	10	64
69	36	4
10	8	36
26	36	4
14	20	76
15	42	55
79	4	2
88	6	5
88	2	81
23	22	46
54	30	27
40	4	15
17	8	77
91	12	72
15	42	28
7	30	50
8	2	54
7	8	36
91	42	42
76	4	57
40	4	0
3	10	48
18	6	22
7	42	32
56	10	30
26	34	83
84	8	32
8	46	57
79	24	32
70	24	36
56	30	24
85	46	101
18	22	53
70	30	35
65	36	14
62	40	13
94	38	89
14	32	19
9	24	88
94	20	30
26	12	37
17	20	35
17	36	76
71	0	23
69	34	89
83	48	39
82	26	3
92	10	73
8	24	86
18	46	42
77	46	81
91	2	45
103	46	47
10	10	59
95	2	82
95	30	56
42	10	40
74	32	28
33	26	53
59	42	73
20	34	0
64	32	56
74	46	67
17	24	94
38	10	93
10	46	24
40	4	57
17	20	92
50	42	28
32	42	12
90	30	23
65	46	73
41	34	71
15	42	6
86	26	10
100	42	74
1	6	33
27	20	40
85	46	45
75	0	0
67	30	103
39	46	42
73	0	2
53	30	65
26	46	49
17	20	72
6	30	65
95	4	14
73	16	51
88	2	47
95	38	75
96	32	93
88	0	0
91	42	56
36	10	38
7	8	37
93	42	25
95	12	68
94	8	95
89	2	55
71	6	48
35	46	86
45	0	7
53	8	23
29	10	12
86	2	85
41	18	80
41	36	50
39	8	86
47	32	69
52	8	80
70	32	93
43	22	85
28	22	49
20	34	29
2	16	77
20	26	5
2	10	12
31	42	75
69	8	42
100	20	13
22	6	5
38	34	34
61	4	1
71	4	24
44	38	55
3	24	68
55	34	33
52	10	84
87	24	1
81	10	21
28	2	6
72	30	52
97	12	21
77	26	57
16	12	12
88	26	99
78	6	44
55	4	47
8	12	36
101	10	47
25	30	71
40	38	96
43	10	16
49	10	16
55	26	54
5	22	81
13	26	46
46	26	34
31	42	102
65	6	58
85	22	15
40	2	5
55	38	82
12	12	93
60	42	37
7	14	23
81	4	85
34	2	92
3	40	94
14	24	77
51	22	77
32	42	56
6	40	51
103	2	45
63	30	22
51	40	70
61	26	11
96	30	72
76	26	97
64	4	4
92	26	31
23	30	35
96	30	21
28	26	99
71	22	86
37	46	40
96	30	87
42	10	71
58	28	78
83	22	62
94	22	53
61	16	60
55	46	97
82	16	35
48	0	27
29	46	9
26	0	91
74	6	19
56	32	80
1	16	32
97	4	100
51	0	91
102	46	13
24	8	0
12	30	24
41	8	13
36	26	47
35	36	24
11	2	92
70	32	26
6	38	40
29	42	89
93	48	63
48	10	11
9	46	5
71	2	5
41	8	77
69	10	95
40	16	32
74	34	4
91	10	88
61	38	70
16	0	35
45	42	99
32	46	6
1	8	0
50	8	38
56	24	6
15	10	54
41	16	1
20	0	16
18	32	87
86	46	32
93	30	50
18	26	92
99	46	15
98	46	70
13	46	39
33	42	13
85	42	59
10	30	38
83	48	79
61	38	85
16	34	86
63	10	5
40	30	58
46	20	44
47	34	9
27	34	25
54	10	71
22	36	93
86	2	47
66	38	92
52	36	33
37	12	26
96	42	43
13	42	9
18	22	85
50	8	27
61	34	41
100	8	32
61	6	88
60	10	47
27	2	29
89	10	100
103	0	8
11	8	20
21	48	25
82	30	26
93	32	88
101	30	79
91	16	59
99	30	0
33	46	46
3	26	67
39	20	70
22	42	43
88	2	89
56	10	67
9	12	58
74	22	13
16	46	82
76	30	58
38	46	51
58	12	69
76	2	5
4	10	72
100	46	96
59	16	17
103	46	6
45	30	80
18	26	3
49	42	102
23	2	53
98	10	48
90	10	96
27	42	28
100	16	67
103	22	63
19	46	39
96	10	25
42	22	60
78	2	47
4	42	67
21	8	65
42	42	103
49	2	1
102	32	56
5	30	14
52	42	67
59	42	78
63	42	41
17	46	31
35	42	66
28	30	90
11	30	28
40	38	55
42	12	37
46	42	39
85	46	60
76	0	23
79	10	9
68	20	5
84	46	73
28	6	71
30	26	92
80	10	72
53	12	4
40	22	47
66	48	7
74	30	79
89	0	50
72	30	28
8	8	42
26	6	17
22	6	71
85	38	31
68	24	25
78	6	82
101	12	90
29	4	67
65	10	23
38	34	11
60	42	16
90	30	18
76	8	59
23	12	64
34	22	9
70	42	43
30	46	99
76	4	27
101	34	49
35	42	74
34	30	80
101	42	36
37	46	49
14	2	29
101	6	26
69	6	17
15	30	21
49	8	0
45	4	60
13	30	83
54	30	24
100	8	11
86	32	8
56	10	94
18	10	7
90	8	101
89	32	56
69	30	30
14	20	62
79	10	16
51	26	85
58	36	22
72	24	82
